id	move	sex	time	feed
1	0	1	0.00833333333333333	1
1	0	1	0.0166666666666667	1
1	0	1	0.025	1
1	0	1	0.0333333333333333	1
1	0	1	0.0416666666666667	1
1	0	1	0.05	1
1	0	1	0.0583333333333333	1
1	0	1	0.0666666666666667	1
1	0	1	0.075	1
1	0	1	0.0833333333333333	1
1	0	1	0.0916666666666667	1
1	0	1	0.1	1
1	0	1	0.108333333333333	1
1	0	1	0.116666666666667	1
1	0	1	0.125	1
1	0	1	0.133333333333333	1
1	0	1	0.141666666666667	1
1	0	1	0.15	1
1	0	1	0.158333333333333	1
1	0	1	0.166666666666667	1
1	0	1	0.175	1
1	0	1	0.183333333333333	1
1	0	1	0.191666666666667	1
1	0	1	0.2	1
1	0	1	0.208333333333333	1
1	0	1	0.216666666666667	1
1	0	1	0.225	1
1	0	1	0.233333333333333	1
1	0	1	0.241666666666667	1
1	0	1	0.25	1
1	0	1	0.258333333333333	1
1	0	1	0.266666666666667	1
1	0	1	0.275	1
1	0	1	0.283333333333333	1
1	0	1	0.291666666666667	1
1	0	1	0.3	1
1	0	1	0.308333333333333	1
1	0	1	0.316666666666667	1
1	0	1	0.325	1
1	0	1	0.333333333333333	1
1	0	1	0.341666666666667	1
1	0	1	0.35	1
1	0	1	0.358333333333333	1
1	0	1	0.366666666666667	1
1	0	1	0.375	1
1	0	1	0.383333333333333	1
1	0	1	0.391666666666667	1
1	0	1	0.4	1
1	0	1	0.408333333333333	1
1	0	1	0.416666666666667	1
1	0	1	0.425	1
1	0	1	0.433333333333333	1
1	0	1	0.441666666666667	1
1	0	1	0.45	1
1	0	1	0.458333333333333	1
1	0	1	0.466666666666667	1
1	0	1	0.475	1
1	0	1	0.483333333333333	1
1	0	1	0.491666666666667	1
1	0	1	0.5	1
1	0	1	0.508333333333333	1
1	0	1	0.516666666666667	1
1	0	1	0.525	1
1	0	1	0.533333333333333	1
1	0	1	0.541666666666667	1
1	0	1	0.55	1
1	0	1	0.558333333333333	1
1	0	1	0.566666666666667	1
1	0	1	0.575	1
1	0	1	0.583333333333333	1
1	0	1	0.591666666666667	1
1	0	1	0.6	1
1	0	1	0.608333333333333	1
1	0	1	0.616666666666667	1
1	0	1	0.625	1
1	0	1	0.633333333333333	1
1	0	1	0.641666666666667	1
1	0	1	0.65	1
1	0	1	0.658333333333333	1
1	0	1	0.666666666666667	1
1	0	1	0.675	1
1	0	1	0.683333333333333	1
1	0	1	0.691666666666667	1
1	0	1	0.7	1
1	0	1	0.708333333333333	1
1	0	1	0.716666666666667	1
1	0	1	0.725	1
1	0	1	0.733333333333333	1
1	0	1	0.741666666666667	1
1	0	1	0.75	1
1	0	1	0.758333333333333	1
1	0	1	0.766666666666667	1
1	0	1	0.775	1
1	0	1	0.783333333333333	1
1	0	1	0.791666666666667	1
1	0	1	0.8	1
1	0	1	0.808333333333333	1
1	0	1	0.816666666666667	1
1	0	1	0.825	1
1	0	1	0.833333333333333	1
1	0	1	0.841666666666667	1
1	0	1	0.85	1
1	0	1	0.858333333333333	1
1	0	1	0.866666666666667	1
1	0	1	0.875	1
1	0	1	0.883333333333333	1
1	0	1	0.891666666666667	1
1	0	1	0.9	1
1	0	1	0.908333333333333	1
1	0	1	0.916666666666667	1
1	0	1	0.925	1
1	0	1	0.933333333333333	1
1	0	1	0.941666666666667	1
1	0	1	0.95	1
1	0	1	0.958333333333333	1
1	0	1	0.966666666666667	1
1	1	1	0.975	1
1	0	1	0.983333333333333	1
1	0	1	0.991666666666667	1
1	0	1	1	1
1	0	1	1.00833333333333	1
1	0	1	1.01666666666667	1
1	0	1	1.025	1
1	0	1	1.03333333333333	1
1	0	1	1.04166666666667	1
1	0	1	1.05	1
1	0	1	1.05833333333333	1
1	0	1	1.06666666666667	1
1	0	1	1.075	1
1	0	1	1.08333333333333	1
1	0	1	1.09166666666667	1
1	0	1	1.1	1
1	0	1	1.10833333333333	1
1	0	1	1.11666666666667	1
1	0	1	1.125	1
1	0	1	1.13333333333333	1
1	0	1	1.14166666666667	1
1	0	1	1.15	1
1	0	1	1.15833333333333	1
1	0	1	1.16666666666667	1
1	0	1	1.175	1
1	0	1	1.18333333333333	1
1	0	1	1.19166666666667	1
1	0	1	1.2	1
1	0	1	1.20833333333333	1
1	0	1	1.21666666666667	1
1	0	1	1.225	1
1	0	1	1.23333333333333	1
1	0	1	1.24166666666667	1
1	0	1	1.25	1
1	0	1	1.25833333333333	1
1	0	1	1.26666666666667	1
1	0	1	1.275	1
1	0	1	1.28333333333333	1
1	0	1	1.29166666666667	1
1	0	1	1.3	1
1	0	1	1.30833333333333	1
1	0	1	1.31666666666667	1
1	0	1	1.325	1
1	0	1	1.33333333333333	1
1	0	1	1.34166666666667	1
2	0	0	0.00833333333333333	1
2	0	0	0.0166666666666667	1
2	0	0	0.025	1
2	0	0	0.0333333333333333	1
2	0	0	0.0416666666666667	1
2	0	0	0.05	1
2	1	0	0.0583333333333333	1
2	0	0	0.0666666666666667	1
2	0	0	0.075	1
2	0	0	0.0833333333333333	1
2	0	0	0.0916666666666667	1
2	1	0	0.1	1
2	0	0	0.108333333333333	1
2	0	0	0.116666666666667	1
2	0	0	0.125	1
2	0	0	0.133333333333333	1
2	0	0	0.141666666666667	1
2	0	0	0.15	1
2	0	0	0.158333333333333	1
2	0	0	0.166666666666667	1
2	0	0	0.175	1
2	0	0	0.183333333333333	1
2	0	0	0.191666666666667	1
2	0	0	0.2	1
2	0	0	0.208333333333333	1
2	0	0	0.216666666666667	1
2	0	0	0.225	1
2	0	0	0.233333333333333	1
2	0	0	0.241666666666667	1
2	0	0	0.25	1
2	0	0	0.258333333333333	1
2	0	0	0.266666666666667	1
2	0	0	0.275	1
2	0	0	0.283333333333333	1
2	0	0	0.291666666666667	1
2	0	0	0.3	1
2	0	0	0.308333333333333	1
2	0	0	0.316666666666667	1
2	0	0	0.325	1
2	0	0	0.333333333333333	1
2	0	0	0.341666666666667	1
2	0	0	0.35	1
2	0	0	0.358333333333333	1
2	1	0	0.366666666666667	1
2	0	0	0.375	1
2	0	0	0.383333333333333	1
2	0	0	0.391666666666667	1
2	0	0	0.4	1
2	0	0	0.408333333333333	1
2	0	0	0.416666666666667	1
2	0	0	0.425	1
2	0	0	0.433333333333333	1
2	0	0	0.441666666666667	1
2	0	0	0.45	1
2	0	0	0.458333333333333	1
2	0	0	0.466666666666667	1
2	0	0	0.475	1
2	0	0	0.483333333333333	1
2	0	0	0.491666666666667	1
2	0	0	0.5	1
2	0	0	0.508333333333333	1
2	1	0	0.516666666666667	1
2	0	0	0.525	1
2	0	0	0.533333333333333	1
2	0	0	0.541666666666667	1
2	0	0	0.55	1
2	0	0	0.558333333333333	1
2	0	0	0.566666666666667	1
2	0	0	0.575	1
2	0	0	0.583333333333333	1
2	0	0	0.591666666666667	1
2	0	0	0.6	1
2	0	0	0.608333333333333	1
2	0	0	0.616666666666667	1
2	0	0	0.625	1
2	0	0	0.633333333333333	1
2	0	0	0.641666666666667	1
2	0	0	0.65	1
2	0	0	0.658333333333333	1
2	0	0	0.666666666666667	1
2	0	0	0.675	1
2	0	0	0.683333333333333	1
2	0	0	0.691666666666667	1
2	0	0	0.7	1
2	0	0	0.708333333333333	1
2	0	0	0.716666666666667	1
2	0	0	0.725	1
2	0	0	0.733333333333333	1
2	0	0	0.741666666666667	1
2	0	0	0.75	1
2	0	0	0.758333333333333	1
2	0	0	0.766666666666667	1
2	0	0	0.775	1
2	0	0	0.783333333333333	1
2	0	0	0.791666666666667	1
2	0	0	0.8	1
2	0	0	0.808333333333333	1
2	0	0	0.816666666666667	1
2	0	0	0.825	1
2	0	0	0.833333333333333	1
2	0	0	0.841666666666667	1
2	0	0	0.85	1
2	0	0	0.858333333333333	1
2	0	0	0.866666666666667	1
2	0	0	0.875	1
2	0	0	0.883333333333333	1
2	0	0	0.891666666666667	1
2	0	0	0.9	1
2	0	0	0.908333333333333	1
2	0	0	0.916666666666667	1
2	0	0	0.925	1
2	1	0	0.933333333333333	1
2	0	0	0.941666666666667	1
2	0	0	0.95	1
2	0	0	0.958333333333333	1
2	0	0	0.966666666666667	1
2	0	0	0.975	1
2	0	0	0.983333333333333	1
2	1	0	0.991666666666667	1
2	0	0	1	1
2	0	0	1.00833333333333	1
2	0	0	1.01666666666667	1
2	0	0	1.025	1
2	0	0	1.03333333333333	1
2	0	0	1.04166666666667	1
2	0	0	1.05	1
2	1	0	1.05833333333333	1
2	0	0	1.06666666666667	1
2	1	0	1.075	1
2	1	0	1.08333333333333	1
2	1	0	1.09166666666667	1
2	1	0	1.1	1
2	0	0	1.10833333333333	1
2	1	0	1.11666666666667	1
2	0	0	1.125	1
2	0	0	1.13333333333333	1
2	1	0	1.14166666666667	1
2	1	0	1.15	1
2	1	0	1.15833333333333	1
2	1	0	1.16666666666667	1
2	1	0	1.175	1
2	1	0	1.18333333333333	1
2	1	0	1.19166666666667	1
2	1	0	1.2	1
2	0	0	1.20833333333333	1
2	0	0	1.21666666666667	1
2	1	0	1.225	1
2	1	0	1.23333333333333	1
2	1	0	1.24166666666667	1
2	1	0	1.25	1
2	0	0	1.25833333333333	1
2	1	0	1.26666666666667	1
2	1	0	1.275	1
2	1	0	1.28333333333333	1
2	1	0	1.29166666666667	1
2	0	0	1.3	1
2	0	0	1.30833333333333	1
2	1	0	1.31666666666667	1
2	1	0	1.325	1
2	0	0	1.33333333333333	1
2	1	0	1.34166666666667	1
3	0	1	0.00833333333333333	1
3	0	1	0.0166666666666667	1
3	0	1	0.025	1
3	0	1	0.0333333333333333	1
3	0	1	0.0416666666666667	1
3	0	1	0.05	1
3	0	1	0.0583333333333333	1
3	0	1	0.0666666666666667	1
3	0	1	0.075	1
3	0	1	0.0833333333333333	1
3	0	1	0.0916666666666667	1
3	0	1	0.1	1
3	0	1	0.108333333333333	1
3	0	1	0.116666666666667	1
3	0	1	0.125	1
3	0	1	0.133333333333333	1
3	0	1	0.141666666666667	1
3	0	1	0.15	1
3	0	1	0.158333333333333	1
3	0	1	0.166666666666667	1
3	1	1	0.175	1
3	0	1	0.183333333333333	1
3	0	1	0.191666666666667	1
3	0	1	0.2	1
3	0	1	0.208333333333333	1
3	0	1	0.216666666666667	1
3	0	1	0.225	1
3	0	1	0.233333333333333	1
3	0	1	0.241666666666667	1
3	0	1	0.25	1
3	0	1	0.258333333333333	1
3	0	1	0.266666666666667	1
3	0	1	0.275	1
3	0	1	0.283333333333333	1
3	0	1	0.291666666666667	1
3	0	1	0.3	1
3	0	1	0.308333333333333	1
3	0	1	0.316666666666667	1
3	0	1	0.325	1
3	0	1	0.333333333333333	1
3	0	1	0.341666666666667	1
3	0	1	0.35	1
3	0	1	0.358333333333333	1
3	0	1	0.366666666666667	1
3	0	1	0.375	1
3	0	1	0.383333333333333	1
3	0	1	0.391666666666667	1
3	0	1	0.4	1
3	0	1	0.408333333333333	1
3	0	1	0.416666666666667	1
3	0	1	0.425	1
3	0	1	0.433333333333333	1
3	0	1	0.441666666666667	1
3	0	1	0.45	1
3	0	1	0.458333333333333	1
3	0	1	0.466666666666667	1
3	0	1	0.475	1
3	0	1	0.483333333333333	1
3	0	1	0.491666666666667	1
3	0	1	0.5	1
3	0	1	0.508333333333333	1
3	0	1	0.516666666666667	1
3	0	1	0.525	1
3	0	1	0.533333333333333	1
3	0	1	0.541666666666667	1
3	0	1	0.55	1
3	0	1	0.558333333333333	1
3	0	1	0.566666666666667	1
3	0	1	0.575	1
3	0	1	0.583333333333333	1
3	0	1	0.591666666666667	1
3	0	1	0.6	1
3	0	1	0.608333333333333	1
3	0	1	0.616666666666667	1
3	0	1	0.625	1
3	1	1	0.633333333333333	1
3	1	1	0.641666666666667	1
3	0	1	0.65	1
3	0	1	0.658333333333333	1
3	0	1	0.666666666666667	1
3	0	1	0.675	1
3	0	1	0.683333333333333	1
3	0	1	0.691666666666667	1
3	0	1	0.7	1
3	0	1	0.708333333333333	1
3	0	1	0.716666666666667	1
3	0	1	0.725	1
3	0	1	0.733333333333333	1
3	0	1	0.741666666666667	1
3	0	1	0.75	1
3	0	1	0.758333333333333	1
3	0	1	0.766666666666667	1
3	0	1	0.775	1
3	0	1	0.783333333333333	1
3	0	1	0.791666666666667	1
3	0	1	0.8	1
3	0	1	0.808333333333333	1
3	0	1	0.816666666666667	1
3	0	1	0.825	1
3	0	1	0.833333333333333	1
3	0	1	0.841666666666667	1
3	0	1	0.85	1
3	0	1	0.858333333333333	1
3	0	1	0.866666666666667	1
3	0	1	0.875	1
3	0	1	0.883333333333333	1
3	0	1	0.891666666666667	1
3	0	1	0.9	1
3	0	1	0.908333333333333	1
3	0	1	0.916666666666667	1
3	0	1	0.925	1
3	0	1	0.933333333333333	1
3	0	1	0.941666666666667	1
3	0	1	0.95	1
3	0	1	0.958333333333333	1
3	0	1	0.966666666666667	1
3	0	1	0.975	1
3	0	1	0.983333333333333	1
3	0	1	0.991666666666667	1
3	0	1	1	1
3	0	1	1.00833333333333	1
3	0	1	1.01666666666667	1
3	0	1	1.025	1
3	1	1	1.03333333333333	1
3	1	1	1.04166666666667	1
3	0	1	1.05	1
3	0	1	1.05833333333333	1
3	0	1	1.06666666666667	1
3	0	1	1.075	1
3	0	1	1.08333333333333	1
3	0	1	1.09166666666667	1
3	1	1	1.1	1
3	0	1	1.10833333333333	1
3	0	1	1.11666666666667	1
3	0	1	1.125	1
3	0	1	1.13333333333333	1
3	0	1	1.14166666666667	1
3	0	1	1.15	1
3	0	1	1.15833333333333	1
3	0	1	1.16666666666667	1
3	0	1	1.175	1
3	0	1	1.18333333333333	1
3	0	1	1.19166666666667	1
3	0	1	1.2	1
3	0	1	1.20833333333333	1
3	0	1	1.21666666666667	1
3	0	1	1.225	1
3	0	1	1.23333333333333	1
3	0	1	1.24166666666667	1
3	0	1	1.25	1
3	0	1	1.25833333333333	1
3	0	1	1.26666666666667	1
3	1	1	1.275	1
3	0	1	1.28333333333333	1
3	0	1	1.29166666666667	1
3	0	1	1.3	1
3	0	1	1.30833333333333	1
3	0	1	1.31666666666667	1
3	0	1	1.325	1
3	0	1	1.33333333333333	1
3	0	1	1.34166666666667	1
4	0	0	0.00833333333333333	1
4	0	0	0.0166666666666667	1
4	0	0	0.025	1
4	0	0	0.0333333333333333	1
4	0	0	0.0416666666666667	1
4	0	0	0.05	1
4	0	0	0.0583333333333333	1
4	0	0	0.0666666666666667	1
4	0	0	0.075	1
4	0	0	0.0833333333333333	1
4	0	0	0.0916666666666667	1
4	0	0	0.1	1
4	0	0	0.108333333333333	1
4	1	0	0.116666666666667	1
4	1	0	0.125	1
4	0	0	0.133333333333333	1
4	0	0	0.141666666666667	1
4	0	0	0.15	1
4	0	0	0.158333333333333	1
4	0	0	0.166666666666667	1
4	0	0	0.175	1
4	0	0	0.183333333333333	1
4	0	0	0.191666666666667	1
4	0	0	0.2	1
4	0	0	0.208333333333333	1
4	0	0	0.216666666666667	1
4	0	0	0.225	1
4	0	0	0.233333333333333	1
4	0	0	0.241666666666667	1
4	0	0	0.25	1
4	0	0	0.258333333333333	1
4	0	0	0.266666666666667	1
4	0	0	0.275	1
4	0	0	0.283333333333333	1
4	0	0	0.291666666666667	1
4	0	0	0.3	1
4	0	0	0.308333333333333	1
4	0	0	0.316666666666667	1
4	0	0	0.325	1
4	0	0	0.333333333333333	1
4	0	0	0.341666666666667	1
4	0	0	0.35	1
4	0	0	0.358333333333333	1
4	0	0	0.366666666666667	1
4	0	0	0.375	1
4	0	0	0.383333333333333	1
4	0	0	0.391666666666667	1
4	0	0	0.4	1
4	0	0	0.408333333333333	1
4	0	0	0.416666666666667	1
4	0	0	0.425	1
4	0	0	0.433333333333333	1
4	0	0	0.441666666666667	1
4	0	0	0.45	1
4	0	0	0.458333333333333	1
4	0	0	0.466666666666667	1
4	0	0	0.475	1
4	0	0	0.483333333333333	1
4	0	0	0.491666666666667	1
4	0	0	0.5	1
4	0	0	0.508333333333333	1
4	0	0	0.516666666666667	1
4	0	0	0.525	1
4	0	0	0.533333333333333	1
4	0	0	0.541666666666667	1
4	0	0	0.55	1
4	0	0	0.558333333333333	1
4	0	0	0.566666666666667	1
4	0	0	0.575	1
4	0	0	0.583333333333333	1
4	0	0	0.591666666666667	1
4	0	0	0.6	1
4	0	0	0.608333333333333	1
4	0	0	0.616666666666667	1
4	1	0	0.625	1
4	1	0	0.633333333333333	1
4	0	0	0.641666666666667	1
4	1	0	0.65	1
4	0	0	0.658333333333333	1
4	0	0	0.666666666666667	1
4	0	0	0.675	1
4	0	0	0.683333333333333	1
4	0	0	0.691666666666667	1
4	0	0	0.7	1
4	0	0	0.708333333333333	1
4	0	0	0.716666666666667	1
4	0	0	0.725	1
4	0	0	0.733333333333333	1
4	0	0	0.741666666666667	1
4	0	0	0.75	1
4	0	0	0.758333333333333	1
4	0	0	0.766666666666667	1
4	0	0	0.775	1
4	0	0	0.783333333333333	1
4	0	0	0.791666666666667	1
4	0	0	0.8	1
4	0	0	0.808333333333333	1
4	0	0	0.816666666666667	1
4	0	0	0.825	1
4	0	0	0.833333333333333	1
4	0	0	0.841666666666667	1
4	0	0	0.85	1
4	0	0	0.858333333333333	1
4	0	0	0.866666666666667	1
4	0	0	0.875	1
4	0	0	0.883333333333333	1
4	0	0	0.891666666666667	1
4	0	0	0.9	1
4	0	0	0.908333333333333	1
4	0	0	0.916666666666667	1
4	0	0	0.925	1
4	0	0	0.933333333333333	1
4	0	0	0.941666666666667	1
4	0	0	0.95	1
4	0	0	0.958333333333333	1
4	0	0	0.966666666666667	1
4	0	0	0.975	1
4	0	0	0.983333333333333	1
4	0	0	0.991666666666667	1
4	0	0	1	1
4	0	0	1.00833333333333	1
4	0	0	1.01666666666667	1
4	0	0	1.025	1
4	0	0	1.03333333333333	1
4	0	0	1.04166666666667	1
4	0	0	1.05	1
4	0	0	1.05833333333333	1
4	0	0	1.06666666666667	1
4	0	0	1.075	1
4	0	0	1.08333333333333	1
4	0	0	1.09166666666667	1
4	0	0	1.1	1
4	0	0	1.10833333333333	1
4	0	0	1.11666666666667	1
4	0	0	1.125	1
4	0	0	1.13333333333333	1
4	0	0	1.14166666666667	1
4	0	0	1.15	1
4	0	0	1.15833333333333	1
4	0	0	1.16666666666667	1
4	0	0	1.175	1
4	0	0	1.18333333333333	1
4	0	0	1.19166666666667	1
4	0	0	1.2	1
4	0	0	1.20833333333333	1
4	0	0	1.21666666666667	1
4	0	0	1.225	1
4	0	0	1.23333333333333	1
4	1	0	1.24166666666667	1
4	0	0	1.25	1
4	1	0	1.25833333333333	1
4	0	0	1.26666666666667	1
4	0	0	1.275	1
4	0	0	1.28333333333333	1
4	0	0	1.29166666666667	1
4	1	0	1.3	1
4	0	0	1.30833333333333	1
4	0	0	1.31666666666667	1
4	0	0	1.325	1
4	0	0	1.33333333333333	1
4	0	0	1.34166666666667	1
5	0	1	0.00833333333333333	1
5	0	1	0.0166666666666667	1
5	0	1	0.025	1
5	0	1	0.0333333333333333	1
5	0	1	0.0416666666666667	1
5	0	1	0.05	1
5	0	1	0.0583333333333333	1
5	0	1	0.0666666666666667	1
5	0	1	0.075	1
5	0	1	0.0833333333333333	1
5	0	1	0.0916666666666667	1
5	0	1	0.1	1
5	0	1	0.108333333333333	1
5	0	1	0.116666666666667	1
5	0	1	0.125	1
5	0	1	0.133333333333333	1
5	0	1	0.141666666666667	1
5	0	1	0.15	1
5	0	1	0.158333333333333	1
5	0	1	0.166666666666667	1
5	0	1	0.175	1
5	0	1	0.183333333333333	1
5	0	1	0.191666666666667	1
5	0	1	0.2	1
5	0	1	0.208333333333333	1
5	1	1	0.216666666666667	1
5	0	1	0.225	1
5	0	1	0.233333333333333	1
5	0	1	0.241666666666667	1
5	0	1	0.25	1
5	0	1	0.258333333333333	1
5	0	1	0.266666666666667	1
5	0	1	0.275	1
5	0	1	0.283333333333333	1
5	0	1	0.291666666666667	1
5	0	1	0.3	1
5	0	1	0.308333333333333	1
5	0	1	0.316666666666667	1
5	0	1	0.325	1
5	0	1	0.333333333333333	1
5	0	1	0.341666666666667	1
5	0	1	0.35	1
5	0	1	0.358333333333333	1
5	0	1	0.366666666666667	1
5	0	1	0.375	1
5	0	1	0.383333333333333	1
5	0	1	0.391666666666667	1
5	0	1	0.4	1
5	0	1	0.408333333333333	1
5	0	1	0.416666666666667	1
5	0	1	0.425	1
5	0	1	0.433333333333333	1
5	0	1	0.441666666666667	1
5	0	1	0.45	1
5	0	1	0.458333333333333	1
5	0	1	0.466666666666667	1
5	0	1	0.475	1
5	0	1	0.483333333333333	1
5	0	1	0.491666666666667	1
5	0	1	0.5	1
5	0	1	0.508333333333333	1
5	0	1	0.516666666666667	1
5	0	1	0.525	1
5	0	1	0.533333333333333	1
5	0	1	0.541666666666667	1
5	0	1	0.55	1
5	0	1	0.558333333333333	1
5	0	1	0.566666666666667	1
5	0	1	0.575	1
5	0	1	0.583333333333333	1
5	0	1	0.591666666666667	1
5	0	1	0.6	1
5	0	1	0.608333333333333	1
5	0	1	0.616666666666667	1
5	0	1	0.625	1
5	0	1	0.633333333333333	1
5	0	1	0.641666666666667	1
5	0	1	0.65	1
5	0	1	0.658333333333333	1
5	0	1	0.666666666666667	1
5	0	1	0.675	1
5	0	1	0.683333333333333	1
5	0	1	0.691666666666667	1
5	0	1	0.7	1
5	0	1	0.708333333333333	1
5	0	1	0.716666666666667	1
5	0	1	0.725	1
5	0	1	0.733333333333333	1
5	0	1	0.741666666666667	1
5	0	1	0.75	1
5	0	1	0.758333333333333	1
5	0	1	0.766666666666667	1
5	0	1	0.775	1
5	0	1	0.783333333333333	1
5	0	1	0.791666666666667	1
5	0	1	0.8	1
5	0	1	0.808333333333333	1
5	0	1	0.816666666666667	1
5	0	1	0.825	1
5	0	1	0.833333333333333	1
5	0	1	0.841666666666667	1
5	0	1	0.85	1
5	0	1	0.858333333333333	1
5	0	1	0.866666666666667	1
5	0	1	0.875	1
5	0	1	0.883333333333333	1
5	0	1	0.891666666666667	1
5	0	1	0.9	1
5	0	1	0.908333333333333	1
5	0	1	0.916666666666667	1
5	0	1	0.925	1
5	0	1	0.933333333333333	1
5	0	1	0.941666666666667	1
5	0	1	0.95	1
5	0	1	0.958333333333333	1
5	0	1	0.966666666666667	1
5	0	1	0.975	1
5	0	1	0.983333333333333	1
5	0	1	0.991666666666667	1
5	0	1	1	1
5	0	1	1.00833333333333	1
5	0	1	1.01666666666667	1
5	0	1	1.025	1
5	0	1	1.03333333333333	1
5	0	1	1.04166666666667	1
5	0	1	1.05	1
5	0	1	1.05833333333333	1
5	0	1	1.06666666666667	1
5	0	1	1.075	1
5	0	1	1.08333333333333	1
5	0	1	1.09166666666667	1
5	0	1	1.1	1
5	0	1	1.10833333333333	1
5	0	1	1.11666666666667	1
5	0	1	1.125	1
5	0	1	1.13333333333333	1
5	0	1	1.14166666666667	1
5	0	1	1.15	1
5	0	1	1.15833333333333	1
5	0	1	1.16666666666667	1
5	0	1	1.175	1
5	0	1	1.18333333333333	1
5	0	1	1.19166666666667	1
5	0	1	1.2	1
5	0	1	1.20833333333333	1
5	0	1	1.21666666666667	1
5	0	1	1.225	1
5	0	1	1.23333333333333	1
5	1	1	1.24166666666667	1
5	0	1	1.25	1
5	1	1	1.25833333333333	1
5	1	1	1.26666666666667	1
5	1	1	1.275	1
5	0	1	1.28333333333333	1
5	0	1	1.29166666666667	1
5	0	1	1.3	1
5	0	1	1.30833333333333	1
5	0	1	1.31666666666667	1
5	0	1	1.325	1
5	0	1	1.33333333333333	1
5	0	1	1.34166666666667	1
6	0	0	0.00833333333333333	1
6	0	0	0.0166666666666667	1
6	0	0	0.025	1
6	0	0	0.0333333333333333	1
6	0	0	0.0416666666666667	1
6	0	0	0.05	1
6	0	0	0.0583333333333333	1
6	0	0	0.0666666666666667	1
6	0	0	0.075	1
6	0	0	0.0833333333333333	1
6	0	0	0.0916666666666667	1
6	0	0	0.1	1
6	0	0	0.108333333333333	1
6	0	0	0.116666666666667	1
6	0	0	0.125	1
6	0	0	0.133333333333333	1
6	0	0	0.141666666666667	1
6	0	0	0.15	1
6	0	0	0.158333333333333	1
6	0	0	0.166666666666667	1
6	0	0	0.175	1
6	0	0	0.183333333333333	1
6	0	0	0.191666666666667	1
6	0	0	0.2	1
6	0	0	0.208333333333333	1
6	0	0	0.216666666666667	1
6	0	0	0.225	1
6	0	0	0.233333333333333	1
6	0	0	0.241666666666667	1
6	0	0	0.25	1
6	0	0	0.258333333333333	1
6	0	0	0.266666666666667	1
6	0	0	0.275	1
6	1	0	0.283333333333333	1
6	0	0	0.291666666666667	1
6	0	0	0.3	1
6	0	0	0.308333333333333	1
6	0	0	0.316666666666667	1
6	0	0	0.325	1
6	0	0	0.333333333333333	1
6	0	0	0.341666666666667	1
6	0	0	0.35	1
6	0	0	0.358333333333333	1
6	0	0	0.366666666666667	1
6	0	0	0.375	1
6	0	0	0.383333333333333	1
6	0	0	0.391666666666667	1
6	0	0	0.4	1
6	0	0	0.408333333333333	1
6	0	0	0.416666666666667	1
6	0	0	0.425	1
6	0	0	0.433333333333333	1
6	0	0	0.441666666666667	1
6	0	0	0.45	1
6	0	0	0.458333333333333	1
6	0	0	0.466666666666667	1
6	0	0	0.475	1
6	0	0	0.483333333333333	1
6	0	0	0.491666666666667	1
6	0	0	0.5	1
6	0	0	0.508333333333333	1
6	0	0	0.516666666666667	1
6	0	0	0.525	1
6	0	0	0.533333333333333	1
6	0	0	0.541666666666667	1
6	0	0	0.55	1
6	0	0	0.558333333333333	1
6	0	0	0.566666666666667	1
6	0	0	0.575	1
6	0	0	0.583333333333333	1
6	0	0	0.591666666666667	1
6	0	0	0.6	1
6	0	0	0.608333333333333	1
6	0	0	0.616666666666667	1
6	0	0	0.625	1
6	0	0	0.633333333333333	1
6	0	0	0.641666666666667	1
6	0	0	0.65	1
6	0	0	0.658333333333333	1
6	0	0	0.666666666666667	1
6	0	0	0.675	1
6	0	0	0.683333333333333	1
6	0	0	0.691666666666667	1
6	0	0	0.7	1
6	0	0	0.708333333333333	1
6	0	0	0.716666666666667	1
6	0	0	0.725	1
6	0	0	0.733333333333333	1
6	0	0	0.741666666666667	1
6	0	0	0.75	1
6	0	0	0.758333333333333	1
6	0	0	0.766666666666667	1
6	0	0	0.775	1
6	0	0	0.783333333333333	1
6	0	0	0.791666666666667	1
6	0	0	0.8	1
6	0	0	0.808333333333333	1
6	0	0	0.816666666666667	1
6	0	0	0.825	1
6	0	0	0.833333333333333	1
6	0	0	0.841666666666667	1
6	0	0	0.85	1
6	0	0	0.858333333333333	1
6	0	0	0.866666666666667	1
6	0	0	0.875	1
6	0	0	0.883333333333333	1
6	0	0	0.891666666666667	1
6	0	0	0.9	1
6	0	0	0.908333333333333	1
6	0	0	0.916666666666667	1
6	0	0	0.925	1
6	0	0	0.933333333333333	1
6	0	0	0.941666666666667	1
6	0	0	0.95	1
6	0	0	0.958333333333333	1
6	0	0	0.966666666666667	1
6	0	0	0.975	1
6	0	0	0.983333333333333	1
6	0	0	0.991666666666667	1
6	0	0	1	1
6	0	0	1.00833333333333	1
6	0	0	1.01666666666667	1
6	0	0	1.025	1
6	0	0	1.03333333333333	1
6	0	0	1.04166666666667	1
6	0	0	1.05	1
6	0	0	1.05833333333333	1
6	0	0	1.06666666666667	1
6	0	0	1.075	1
6	0	0	1.08333333333333	1
6	0	0	1.09166666666667	1
6	0	0	1.1	1
6	0	0	1.10833333333333	1
6	0	0	1.11666666666667	1
6	0	0	1.125	1
6	0	0	1.13333333333333	1
6	0	0	1.14166666666667	1
6	0	0	1.15	1
6	0	0	1.15833333333333	1
6	0	0	1.16666666666667	1
6	1	0	1.175	1
6	0	0	1.18333333333333	1
6	0	0	1.19166666666667	1
6	0	0	1.2	1
6	0	0	1.20833333333333	1
6	0	0	1.21666666666667	1
6	0	0	1.225	1
6	0	0	1.23333333333333	1
6	0	0	1.24166666666667	1
6	0	0	1.25	1
6	0	0	1.25833333333333	1
6	0	0	1.26666666666667	1
6	0	0	1.275	1
6	0	0	1.28333333333333	1
6	0	0	1.29166666666667	1
6	0	0	1.3	1
6	0	0	1.30833333333333	1
6	0	0	1.31666666666667	1
6	0	0	1.325	1
6	0	0	1.33333333333333	1
6	0	0	1.34166666666667	1
7	0	1	0.00833333333333333	1
7	0	1	0.0166666666666667	1
7	0	1	0.025	1
7	0	1	0.0333333333333333	1
7	0	1	0.0416666666666667	1
7	0	1	0.05	1
7	0	1	0.0583333333333333	1
7	0	1	0.0666666666666667	1
7	0	1	0.075	1
7	0	1	0.0833333333333333	1
7	0	1	0.0916666666666667	1
7	0	1	0.1	1
7	0	1	0.108333333333333	1
7	0	1	0.116666666666667	1
7	0	1	0.125	1
7	0	1	0.133333333333333	1
7	0	1	0.141666666666667	1
7	0	1	0.15	1
7	0	1	0.158333333333333	1
7	0	1	0.166666666666667	1
7	0	1	0.175	1
7	0	1	0.183333333333333	1
7	0	1	0.191666666666667	1
7	0	1	0.2	1
7	0	1	0.208333333333333	1
7	0	1	0.216666666666667	1
7	0	1	0.225	1
7	0	1	0.233333333333333	1
7	0	1	0.241666666666667	1
7	0	1	0.25	1
7	0	1	0.258333333333333	1
7	0	1	0.266666666666667	1
7	0	1	0.275	1
7	0	1	0.283333333333333	1
7	0	1	0.291666666666667	1
7	0	1	0.3	1
7	0	1	0.308333333333333	1
7	0	1	0.316666666666667	1
7	0	1	0.325	1
7	0	1	0.333333333333333	1
7	0	1	0.341666666666667	1
7	0	1	0.35	1
7	1	1	0.358333333333333	1
7	1	1	0.366666666666667	1
7	0	1	0.375	1
7	0	1	0.383333333333333	1
7	0	1	0.391666666666667	1
7	0	1	0.4	1
7	0	1	0.408333333333333	1
7	0	1	0.416666666666667	1
7	0	1	0.425	1
7	0	1	0.433333333333333	1
7	0	1	0.441666666666667	1
7	0	1	0.45	1
7	0	1	0.458333333333333	1
7	0	1	0.466666666666667	1
7	0	1	0.475	1
7	0	1	0.483333333333333	1
7	0	1	0.491666666666667	1
7	0	1	0.5	1
7	0	1	0.508333333333333	1
7	0	1	0.516666666666667	1
7	0	1	0.525	1
7	0	1	0.533333333333333	1
7	1	1	0.541666666666667	1
7	1	1	0.55	1
7	0	1	0.558333333333333	1
7	0	1	0.566666666666667	1
7	0	1	0.575	1
7	0	1	0.583333333333333	1
7	0	1	0.591666666666667	1
7	0	1	0.6	1
7	0	1	0.608333333333333	1
7	0	1	0.616666666666667	1
7	0	1	0.625	1
7	0	1	0.633333333333333	1
7	0	1	0.641666666666667	1
7	0	1	0.65	1
7	0	1	0.658333333333333	1
7	0	1	0.666666666666667	1
7	1	1	0.675	1
7	0	1	0.683333333333333	1
7	0	1	0.691666666666667	1
7	0	1	0.7	1
7	0	1	0.708333333333333	1
7	0	1	0.716666666666667	1
7	0	1	0.725	1
7	0	1	0.733333333333333	1
7	0	1	0.741666666666667	1
7	0	1	0.75	1
7	0	1	0.758333333333333	1
7	0	1	0.766666666666667	1
7	0	1	0.775	1
7	0	1	0.783333333333333	1
7	0	1	0.791666666666667	1
7	0	1	0.8	1
7	0	1	0.808333333333333	1
7	0	1	0.816666666666667	1
7	0	1	0.825	1
7	1	1	0.833333333333333	1
7	0	1	0.841666666666667	1
7	0	1	0.85	1
7	0	1	0.858333333333333	1
7	1	1	0.866666666666667	1
7	0	1	0.875	1
7	0	1	0.883333333333333	1
7	0	1	0.891666666666667	1
7	0	1	0.9	1
7	1	1	0.908333333333333	1
7	1	1	0.916666666666667	1
7	1	1	0.925	1
7	0	1	0.933333333333333	1
7	1	1	0.941666666666667	1
7	0	1	0.95	1
7	0	1	0.958333333333333	1
7	0	1	0.966666666666667	1
7	0	1	0.975	1
7	1	1	0.983333333333333	1
7	0	1	0.991666666666667	1
7	1	1	1	1
7	0	1	1.00833333333333	1
7	0	1	1.01666666666667	1
7	0	1	1.025	1
7	1	1	1.03333333333333	1
7	0	1	1.04166666666667	1
7	0	1	1.05	1
7	0	1	1.05833333333333	1
7	1	1	1.06666666666667	1
7	0	1	1.075	1
7	1	1	1.08333333333333	1
7	0	1	1.09166666666667	1
7	1	1	1.1	1
7	1	1	1.10833333333333	1
7	1	1	1.11666666666667	1
7	0	1	1.125	1
7	1	1	1.13333333333333	1
7	0	1	1.14166666666667	1
7	0	1	1.15	1
7	0	1	1.15833333333333	1
7	0	1	1.16666666666667	1
7	0	1	1.175	1
7	0	1	1.18333333333333	1
7	0	1	1.19166666666667	1
7	1	1	1.2	1
7	0	1	1.20833333333333	1
7	0	1	1.21666666666667	1
7	0	1	1.225	1
7	0	1	1.23333333333333	1
7	0	1	1.24166666666667	1
7	0	1	1.25	1
7	1	1	1.25833333333333	1
7	0	1	1.26666666666667	1
7	0	1	1.275	1
7	0	1	1.28333333333333	1
7	0	1	1.29166666666667	1
7	0	1	1.3	1
7	0	1	1.30833333333333	1
7	1	1	1.31666666666667	1
7	0	1	1.325	1
7	0	1	1.33333333333333	1
7	0	1	1.34166666666667	1
8	0	0	0.00833333333333333	1
8	0	0	0.0166666666666667	1
8	0	0	0.025	1
8	0	0	0.0333333333333333	1
8	0	0	0.0416666666666667	1
8	0	0	0.05	1
8	0	0	0.0583333333333333	1
8	0	0	0.0666666666666667	1
8	0	0	0.075	1
8	0	0	0.0833333333333333	1
8	0	0	0.0916666666666667	1
8	0	0	0.1	1
8	0	0	0.108333333333333	1
8	0	0	0.116666666666667	1
8	0	0	0.125	1
8	0	0	0.133333333333333	1
8	0	0	0.141666666666667	1
8	0	0	0.15	1
8	0	0	0.158333333333333	1
8	0	0	0.166666666666667	1
8	0	0	0.175	1
8	0	0	0.183333333333333	1
8	0	0	0.191666666666667	1
8	0	0	0.2	1
8	0	0	0.208333333333333	1
8	0	0	0.216666666666667	1
8	1	0	0.225	1
8	0	0	0.233333333333333	1
8	0	0	0.241666666666667	1
8	0	0	0.25	1
8	0	0	0.258333333333333	1
8	0	0	0.266666666666667	1
8	0	0	0.275	1
8	0	0	0.283333333333333	1
8	0	0	0.291666666666667	1
8	0	0	0.3	1
8	0	0	0.308333333333333	1
8	0	0	0.316666666666667	1
8	0	0	0.325	1
8	0	0	0.333333333333333	1
8	0	0	0.341666666666667	1
8	0	0	0.35	1
8	0	0	0.358333333333333	1
8	0	0	0.366666666666667	1
8	0	0	0.375	1
8	0	0	0.383333333333333	1
8	0	0	0.391666666666667	1
8	0	0	0.4	1
8	0	0	0.408333333333333	1
8	0	0	0.416666666666667	1
8	0	0	0.425	1
8	0	0	0.433333333333333	1
8	0	0	0.441666666666667	1
8	0	0	0.45	1
8	0	0	0.458333333333333	1
8	0	0	0.466666666666667	1
8	0	0	0.475	1
8	0	0	0.483333333333333	1
8	0	0	0.491666666666667	1
8	0	0	0.5	1
8	0	0	0.508333333333333	1
8	0	0	0.516666666666667	1
8	0	0	0.525	1
8	0	0	0.533333333333333	1
8	0	0	0.541666666666667	1
8	0	0	0.55	1
8	0	0	0.558333333333333	1
8	0	0	0.566666666666667	1
8	0	0	0.575	1
8	0	0	0.583333333333333	1
8	1	0	0.591666666666667	1
8	0	0	0.6	1
8	0	0	0.608333333333333	1
8	0	0	0.616666666666667	1
8	0	0	0.625	1
8	0	0	0.633333333333333	1
8	0	0	0.641666666666667	1
8	0	0	0.65	1
8	0	0	0.658333333333333	1
8	0	0	0.666666666666667	1
8	0	0	0.675	1
8	0	0	0.683333333333333	1
8	0	0	0.691666666666667	1
8	0	0	0.7	1
8	0	0	0.708333333333333	1
8	0	0	0.716666666666667	1
8	0	0	0.725	1
8	0	0	0.733333333333333	1
8	0	0	0.741666666666667	1
8	0	0	0.75	1
8	0	0	0.758333333333333	1
8	0	0	0.766666666666667	1
8	0	0	0.775	1
8	0	0	0.783333333333333	1
8	0	0	0.791666666666667	1
8	0	0	0.8	1
8	0	0	0.808333333333333	1
8	0	0	0.816666666666667	1
8	0	0	0.825	1
8	0	0	0.833333333333333	1
8	0	0	0.841666666666667	1
8	0	0	0.85	1
8	0	0	0.858333333333333	1
8	0	0	0.866666666666667	1
8	0	0	0.875	1
8	0	0	0.883333333333333	1
8	1	0	0.891666666666667	1
8	0	0	0.9	1
8	0	0	0.908333333333333	1
8	0	0	0.916666666666667	1
8	0	0	0.925	1
8	0	0	0.933333333333333	1
8	0	0	0.941666666666667	1
8	0	0	0.95	1
8	0	0	0.958333333333333	1
8	0	0	0.966666666666667	1
8	0	0	0.975	1
8	0	0	0.983333333333333	1
8	0	0	0.991666666666667	1
8	0	0	1	1
8	0	0	1.00833333333333	1
8	0	0	1.01666666666667	1
8	0	0	1.025	1
8	0	0	1.03333333333333	1
8	0	0	1.04166666666667	1
8	0	0	1.05	1
8	0	0	1.05833333333333	1
8	0	0	1.06666666666667	1
8	0	0	1.075	1
8	0	0	1.08333333333333	1
8	0	0	1.09166666666667	1
8	0	0	1.1	1
8	0	0	1.10833333333333	1
8	0	0	1.11666666666667	1
8	0	0	1.125	1
8	0	0	1.13333333333333	1
8	0	0	1.14166666666667	1
8	0	0	1.15	1
8	0	0	1.15833333333333	1
8	0	0	1.16666666666667	1
8	0	0	1.175	1
8	0	0	1.18333333333333	1
8	0	0	1.19166666666667	1
8	0	0	1.2	1
8	0	0	1.20833333333333	1
8	0	0	1.21666666666667	1
8	0	0	1.225	1
8	0	0	1.23333333333333	1
8	0	0	1.24166666666667	1
8	0	0	1.25	1
8	0	0	1.25833333333333	1
8	0	0	1.26666666666667	1
8	0	0	1.275	1
8	0	0	1.28333333333333	1
8	0	0	1.29166666666667	1
8	0	0	1.3	1
8	0	0	1.30833333333333	1
8	0	0	1.31666666666667	1
8	0	0	1.325	1
8	0	0	1.33333333333333	1
8	0	0	1.34166666666667	1
9	0	1	0.00833333333333333	1
9	0	1	0.0166666666666667	1
9	0	1	0.025	1
9	0	1	0.0333333333333333	1
9	0	1	0.0416666666666667	1
9	0	1	0.05	1
9	0	1	0.0583333333333333	1
9	0	1	0.0666666666666667	1
9	0	1	0.075	1
9	0	1	0.0833333333333333	1
9	0	1	0.0916666666666667	1
9	0	1	0.1	1
9	0	1	0.108333333333333	1
9	0	1	0.116666666666667	1
9	0	1	0.125	1
9	0	1	0.133333333333333	1
9	0	1	0.141666666666667	1
9	0	1	0.15	1
9	0	1	0.158333333333333	1
9	0	1	0.166666666666667	1
9	0	1	0.175	1
9	0	1	0.183333333333333	1
9	0	1	0.191666666666667	1
9	0	1	0.2	1
9	0	1	0.208333333333333	1
9	0	1	0.216666666666667	1
9	0	1	0.225	1
9	0	1	0.233333333333333	1
9	0	1	0.241666666666667	1
9	0	1	0.25	1
9	0	1	0.258333333333333	1
9	0	1	0.266666666666667	1
9	0	1	0.275	1
9	0	1	0.283333333333333	1
9	0	1	0.291666666666667	1
9	0	1	0.3	1
9	0	1	0.308333333333333	1
9	0	1	0.316666666666667	1
9	0	1	0.325	1
9	0	1	0.333333333333333	1
9	0	1	0.341666666666667	1
9	0	1	0.35	1
9	0	1	0.358333333333333	1
9	0	1	0.366666666666667	1
9	0	1	0.375	1
9	0	1	0.383333333333333	1
9	0	1	0.391666666666667	1
9	0	1	0.4	1
9	0	1	0.408333333333333	1
9	0	1	0.416666666666667	1
9	0	1	0.425	1
9	0	1	0.433333333333333	1
9	0	1	0.441666666666667	1
9	0	1	0.45	1
9	0	1	0.458333333333333	1
9	0	1	0.466666666666667	1
9	0	1	0.475	1
9	0	1	0.483333333333333	1
9	0	1	0.491666666666667	1
9	0	1	0.5	1
9	0	1	0.508333333333333	1
9	0	1	0.516666666666667	1
9	0	1	0.525	1
9	0	1	0.533333333333333	1
9	0	1	0.541666666666667	1
9	0	1	0.55	1
9	0	1	0.558333333333333	1
9	0	1	0.566666666666667	1
9	0	1	0.575	1
9	0	1	0.583333333333333	1
9	0	1	0.591666666666667	1
9	0	1	0.6	1
9	0	1	0.608333333333333	1
9	0	1	0.616666666666667	1
9	0	1	0.625	1
9	0	1	0.633333333333333	1
9	0	1	0.641666666666667	1
9	0	1	0.65	1
9	0	1	0.658333333333333	1
9	0	1	0.666666666666667	1
9	0	1	0.675	1
9	0	1	0.683333333333333	1
9	0	1	0.691666666666667	1
9	0	1	0.7	1
9	0	1	0.708333333333333	1
9	0	1	0.716666666666667	1
9	0	1	0.725	1
9	0	1	0.733333333333333	1
9	0	1	0.741666666666667	1
9	0	1	0.75	1
9	0	1	0.758333333333333	1
9	0	1	0.766666666666667	1
9	0	1	0.775	1
9	0	1	0.783333333333333	1
9	0	1	0.791666666666667	1
9	0	1	0.8	1
9	0	1	0.808333333333333	1
9	0	1	0.816666666666667	1
9	0	1	0.825	1
9	0	1	0.833333333333333	1
9	0	1	0.841666666666667	1
9	0	1	0.85	1
9	0	1	0.858333333333333	1
9	0	1	0.866666666666667	1
9	0	1	0.875	1
9	0	1	0.883333333333333	1
9	0	1	0.891666666666667	1
9	0	1	0.9	1
9	0	1	0.908333333333333	1
9	0	1	0.916666666666667	1
9	0	1	0.925	1
9	0	1	0.933333333333333	1
9	0	1	0.941666666666667	1
9	0	1	0.95	1
9	0	1	0.958333333333333	1
9	0	1	0.966666666666667	1
9	0	1	0.975	1
9	0	1	0.983333333333333	1
9	0	1	0.991666666666667	1
9	0	1	1	1
9	0	1	1.00833333333333	1
9	0	1	1.01666666666667	1
9	0	1	1.025	1
9	0	1	1.03333333333333	1
9	0	1	1.04166666666667	1
9	0	1	1.05	1
9	0	1	1.05833333333333	1
9	0	1	1.06666666666667	1
9	0	1	1.075	1
9	0	1	1.08333333333333	1
9	0	1	1.09166666666667	1
9	0	1	1.1	1
9	0	1	1.10833333333333	1
9	0	1	1.11666666666667	1
9	0	1	1.125	1
9	0	1	1.13333333333333	1
9	0	1	1.14166666666667	1
9	0	1	1.15	1
9	1	1	1.15833333333333	1
9	0	1	1.16666666666667	1
9	1	1	1.175	1
9	0	1	1.18333333333333	1
9	0	1	1.19166666666667	1
9	0	1	1.2	1
9	0	1	1.20833333333333	1
9	0	1	1.21666666666667	1
9	0	1	1.225	1
9	0	1	1.23333333333333	1
9	0	1	1.24166666666667	1
9	0	1	1.25	1
9	0	1	1.25833333333333	1
9	0	1	1.26666666666667	1
9	0	1	1.275	1
9	0	1	1.28333333333333	1
9	0	1	1.29166666666667	1
9	1	1	1.3	1
9	0	1	1.30833333333333	1
9	1	1	1.31666666666667	1
9	1	1	1.325	1
9	1	1	1.33333333333333	1
9	1	1	1.34166666666667	1
10	0	0	0.00833333333333333	1
10	0	0	0.0166666666666667	1
10	0	0	0.025	1
10	0	0	0.0333333333333333	1
10	0	0	0.0416666666666667	1
10	0	0	0.05	1
10	0	0	0.0583333333333333	1
10	0	0	0.0666666666666667	1
10	0	0	0.075	1
10	0	0	0.0833333333333333	1
10	0	0	0.0916666666666667	1
10	0	0	0.1	1
10	0	0	0.108333333333333	1
10	0	0	0.116666666666667	1
10	0	0	0.125	1
10	0	0	0.133333333333333	1
10	0	0	0.141666666666667	1
10	0	0	0.15	1
10	0	0	0.158333333333333	1
10	0	0	0.166666666666667	1
10	0	0	0.175	1
10	0	0	0.183333333333333	1
10	0	0	0.191666666666667	1
10	0	0	0.2	1
10	0	0	0.208333333333333	1
10	0	0	0.216666666666667	1
10	0	0	0.225	1
10	0	0	0.233333333333333	1
10	0	0	0.241666666666667	1
10	0	0	0.25	1
10	0	0	0.258333333333333	1
10	0	0	0.266666666666667	1
10	0	0	0.275	1
10	0	0	0.283333333333333	1
10	0	0	0.291666666666667	1
10	0	0	0.3	1
10	0	0	0.308333333333333	1
10	0	0	0.316666666666667	1
10	0	0	0.325	1
10	0	0	0.333333333333333	1
10	0	0	0.341666666666667	1
10	0	0	0.35	1
10	0	0	0.358333333333333	1
10	0	0	0.366666666666667	1
10	0	0	0.375	1
10	0	0	0.383333333333333	1
10	0	0	0.391666666666667	1
10	0	0	0.4	1
10	0	0	0.408333333333333	1
10	0	0	0.416666666666667	1
10	0	0	0.425	1
10	0	0	0.433333333333333	1
10	0	0	0.441666666666667	1
10	0	0	0.45	1
10	0	0	0.458333333333333	1
10	0	0	0.466666666666667	1
10	0	0	0.475	1
10	0	0	0.483333333333333	1
10	0	0	0.491666666666667	1
10	0	0	0.5	1
10	0	0	0.508333333333333	1
10	0	0	0.516666666666667	1
10	0	0	0.525	1
10	0	0	0.533333333333333	1
10	0	0	0.541666666666667	1
10	0	0	0.55	1
10	0	0	0.558333333333333	1
10	0	0	0.566666666666667	1
10	0	0	0.575	1
10	0	0	0.583333333333333	1
10	0	0	0.591666666666667	1
10	0	0	0.6	1
10	0	0	0.608333333333333	1
10	0	0	0.616666666666667	1
10	0	0	0.625	1
10	0	0	0.633333333333333	1
10	0	0	0.641666666666667	1
10	0	0	0.65	1
10	0	0	0.658333333333333	1
10	0	0	0.666666666666667	1
10	0	0	0.675	1
10	0	0	0.683333333333333	1
10	0	0	0.691666666666667	1
10	0	0	0.7	1
10	0	0	0.708333333333333	1
10	0	0	0.716666666666667	1
10	0	0	0.725	1
10	0	0	0.733333333333333	1
10	0	0	0.741666666666667	1
10	0	0	0.75	1
10	0	0	0.758333333333333	1
10	0	0	0.766666666666667	1
10	1	0	0.775	1
10	1	0	0.783333333333333	1
10	1	0	0.791666666666667	1
10	0	0	0.8	1
10	0	0	0.808333333333333	1
10	0	0	0.816666666666667	1
10	0	0	0.825	1
10	0	0	0.833333333333333	1
10	0	0	0.841666666666667	1
10	0	0	0.85	1
10	0	0	0.858333333333333	1
10	0	0	0.866666666666667	1
10	0	0	0.875	1
10	1	0	0.883333333333333	1
10	0	0	0.891666666666667	1
10	0	0	0.9	1
10	0	0	0.908333333333333	1
10	0	0	0.916666666666667	1
10	0	0	0.925	1
10	0	0	0.933333333333333	1
10	0	0	0.941666666666667	1
10	0	0	0.95	1
10	0	0	0.958333333333333	1
10	1	0	0.966666666666667	1
10	0	0	0.975	1
10	1	0	0.983333333333333	1
10	0	0	0.991666666666667	1
10	0	0	1	1
10	1	0	1.00833333333333	1
10	0	0	1.01666666666667	1
10	1	0	1.025	1
10	1	0	1.03333333333333	1
10	0	0	1.04166666666667	1
10	0	0	1.05	1
10	1	0	1.05833333333333	1
10	1	0	1.06666666666667	1
10	1	0	1.075	1
10	1	0	1.08333333333333	1
10	0	0	1.09166666666667	1
10	0	0	1.1	1
10	0	0	1.10833333333333	1
10	0	0	1.11666666666667	1
10	0	0	1.125	1
10	1	0	1.13333333333333	1
10	1	0	1.14166666666667	1
10	1	0	1.15	1
10	0	0	1.15833333333333	1
10	0	0	1.16666666666667	1
10	1	0	1.175	1
10	1	0	1.18333333333333	1
10	0	0	1.19166666666667	1
10	0	0	1.2	1
10	0	0	1.20833333333333	1
10	1	0	1.21666666666667	1
10	1	0	1.225	1
10	1	0	1.23333333333333	1
10	0	0	1.24166666666667	1
10	1	0	1.25	1
10	1	0	1.25833333333333	1
10	1	0	1.26666666666667	1
10	1	0	1.275	1
10	1	0	1.28333333333333	1
10	1	0	1.29166666666667	1
10	1	0	1.3	1
10	0	0	1.30833333333333	1
10	1	0	1.31666666666667	1
10	0	0	1.325	1
10	1	0	1.33333333333333	1
10	0	0	1.34166666666667	1
11	0	1	0.00833333333333333	1
11	0	1	0.0166666666666667	1
11	0	1	0.025	1
11	0	1	0.0333333333333333	1
11	0	1	0.0416666666666667	1
11	0	1	0.05	1
11	0	1	0.0583333333333333	1
11	0	1	0.0666666666666667	1
11	0	1	0.075	1
11	0	1	0.0833333333333333	1
11	0	1	0.0916666666666667	1
11	0	1	0.1	1
11	0	1	0.108333333333333	1
11	0	1	0.116666666666667	1
11	0	1	0.125	1
11	0	1	0.133333333333333	1
11	0	1	0.141666666666667	1
11	0	1	0.15	1
11	0	1	0.158333333333333	1
11	0	1	0.166666666666667	1
11	0	1	0.175	1
11	0	1	0.183333333333333	1
11	0	1	0.191666666666667	1
11	0	1	0.2	1
11	0	1	0.208333333333333	1
11	0	1	0.216666666666667	1
11	0	1	0.225	1
11	1	1	0.233333333333333	1
11	0	1	0.241666666666667	1
11	1	1	0.25	1
11	0	1	0.258333333333333	1
11	0	1	0.266666666666667	1
11	0	1	0.275	1
11	0	1	0.283333333333333	1
11	1	1	0.291666666666667	1
11	1	1	0.3	1
11	0	1	0.308333333333333	1
11	1	1	0.316666666666667	1
11	0	1	0.325	1
11	0	1	0.333333333333333	1
11	1	1	0.341666666666667	1
11	0	1	0.35	1
11	0	1	0.358333333333333	1
11	0	1	0.366666666666667	1
11	0	1	0.375	1
11	0	1	0.383333333333333	1
11	0	1	0.391666666666667	1
11	0	1	0.4	1
11	0	1	0.408333333333333	1
11	0	1	0.416666666666667	1
11	0	1	0.425	1
11	0	1	0.433333333333333	1
11	0	1	0.441666666666667	1
11	0	1	0.45	1
11	0	1	0.458333333333333	1
11	0	1	0.466666666666667	1
11	0	1	0.475	1
11	0	1	0.483333333333333	1
11	0	1	0.491666666666667	1
11	0	1	0.5	1
11	0	1	0.508333333333333	1
11	0	1	0.516666666666667	1
11	0	1	0.525	1
11	0	1	0.533333333333333	1
11	0	1	0.541666666666667	1
11	1	1	0.55	1
11	1	1	0.558333333333333	1
11	0	1	0.566666666666667	1
11	0	1	0.575	1
11	0	1	0.583333333333333	1
11	1	1	0.591666666666667	1
11	0	1	0.6	1
11	0	1	0.608333333333333	1
11	0	1	0.616666666666667	1
11	0	1	0.625	1
11	0	1	0.633333333333333	1
11	0	1	0.641666666666667	1
11	0	1	0.65	1
11	0	1	0.658333333333333	1
11	0	1	0.666666666666667	1
11	0	1	0.675	1
11	1	1	0.683333333333333	1
11	0	1	0.691666666666667	1
11	0	1	0.7	1
11	0	1	0.708333333333333	1
11	0	1	0.716666666666667	1
11	1	1	0.725	1
11	0	1	0.733333333333333	1
11	0	1	0.741666666666667	1
11	0	1	0.75	1
11	1	1	0.758333333333333	1
11	0	1	0.766666666666667	1
11	0	1	0.775	1
11	0	1	0.783333333333333	1
11	1	1	0.791666666666667	1
11	1	1	0.8	1
11	0	1	0.808333333333333	1
11	0	1	0.816666666666667	1
11	0	1	0.825	1
11	0	1	0.833333333333333	1
11	0	1	0.841666666666667	1
11	0	1	0.85	1
11	0	1	0.858333333333333	1
11	0	1	0.866666666666667	1
11	0	1	0.875	1
11	0	1	0.883333333333333	1
11	0	1	0.891666666666667	1
11	0	1	0.9	1
11	0	1	0.908333333333333	1
11	0	1	0.916666666666667	1
11	0	1	0.925	1
11	0	1	0.933333333333333	1
11	0	1	0.941666666666667	1
11	0	1	0.95	1
11	0	1	0.958333333333333	1
11	0	1	0.966666666666667	1
11	0	1	0.975	1
11	0	1	0.983333333333333	1
11	0	1	0.991666666666667	1
11	0	1	1	1
11	1	1	1.00833333333333	1
11	1	1	1.01666666666667	1
11	0	1	1.025	1
11	0	1	1.03333333333333	1
11	0	1	1.04166666666667	1
11	0	1	1.05	1
11	1	1	1.05833333333333	1
11	1	1	1.06666666666667	1
11	0	1	1.075	1
11	0	1	1.08333333333333	1
11	0	1	1.09166666666667	1
11	0	1	1.1	1
11	0	1	1.10833333333333	1
11	1	1	1.11666666666667	1
11	0	1	1.125	1
11	0	1	1.13333333333333	1
11	0	1	1.14166666666667	1
11	1	1	1.15	1
11	0	1	1.15833333333333	1
11	0	1	1.16666666666667	1
11	0	1	1.175	1
11	0	1	1.18333333333333	1
11	0	1	1.19166666666667	1
11	0	1	1.2	1
11	0	1	1.20833333333333	1
11	0	1	1.21666666666667	1
11	0	1	1.225	1
11	0	1	1.23333333333333	1
11	0	1	1.24166666666667	1
11	1	1	1.25	1
11	0	1	1.25833333333333	1
11	0	1	1.26666666666667	1
11	0	1	1.275	1
11	0	1	1.28333333333333	1
11	0	1	1.29166666666667	1
11	0	1	1.3	1
11	1	1	1.30833333333333	1
11	1	1	1.31666666666667	1
11	1	1	1.325	1
11	1	1	1.33333333333333	1
11	1	1	1.34166666666667	1
12	0	0	0.00833333333333333	1
12	0	0	0.0166666666666667	1
12	0	0	0.025	1
12	0	0	0.0333333333333333	1
12	0	0	0.0416666666666667	1
12	0	0	0.05	1
12	0	0	0.0583333333333333	1
12	0	0	0.0666666666666667	1
12	0	0	0.075	1
12	0	0	0.0833333333333333	1
12	0	0	0.0916666666666667	1
12	0	0	0.1	1
12	0	0	0.108333333333333	1
12	0	0	0.116666666666667	1
12	0	0	0.125	1
12	0	0	0.133333333333333	1
12	0	0	0.141666666666667	1
12	0	0	0.15	1
12	0	0	0.158333333333333	1
12	0	0	0.166666666666667	1
12	0	0	0.175	1
12	0	0	0.183333333333333	1
12	0	0	0.191666666666667	1
12	0	0	0.2	1
12	0	0	0.208333333333333	1
12	0	0	0.216666666666667	1
12	0	0	0.225	1
12	0	0	0.233333333333333	1
12	0	0	0.241666666666667	1
12	0	0	0.25	1
12	0	0	0.258333333333333	1
12	0	0	0.266666666666667	1
12	0	0	0.275	1
12	0	0	0.283333333333333	1
12	0	0	0.291666666666667	1
12	0	0	0.3	1
12	0	0	0.308333333333333	1
12	0	0	0.316666666666667	1
12	0	0	0.325	1
12	1	0	0.333333333333333	1
12	0	0	0.341666666666667	1
12	0	0	0.35	1
12	0	0	0.358333333333333	1
12	0	0	0.366666666666667	1
12	0	0	0.375	1
12	0	0	0.383333333333333	1
12	0	0	0.391666666666667	1
12	0	0	0.4	1
12	0	0	0.408333333333333	1
12	0	0	0.416666666666667	1
12	0	0	0.425	1
12	0	0	0.433333333333333	1
12	0	0	0.441666666666667	1
12	0	0	0.45	1
12	0	0	0.458333333333333	1
12	0	0	0.466666666666667	1
12	0	0	0.475	1
12	0	0	0.483333333333333	1
12	0	0	0.491666666666667	1
12	0	0	0.5	1
12	0	0	0.508333333333333	1
12	0	0	0.516666666666667	1
12	0	0	0.525	1
12	0	0	0.533333333333333	1
12	0	0	0.541666666666667	1
12	0	0	0.55	1
12	0	0	0.558333333333333	1
12	0	0	0.566666666666667	1
12	0	0	0.575	1
12	0	0	0.583333333333333	1
12	0	0	0.591666666666667	1
12	0	0	0.6	1
12	0	0	0.608333333333333	1
12	0	0	0.616666666666667	1
12	0	0	0.625	1
12	0	0	0.633333333333333	1
12	0	0	0.641666666666667	1
12	0	0	0.65	1
12	0	0	0.658333333333333	1
12	0	0	0.666666666666667	1
12	0	0	0.675	1
12	0	0	0.683333333333333	1
12	0	0	0.691666666666667	1
12	0	0	0.7	1
12	0	0	0.708333333333333	1
12	0	0	0.716666666666667	1
12	0	0	0.725	1
12	0	0	0.733333333333333	1
12	0	0	0.741666666666667	1
12	0	0	0.75	1
12	0	0	0.758333333333333	1
12	0	0	0.766666666666667	1
12	0	0	0.775	1
12	0	0	0.783333333333333	1
12	0	0	0.791666666666667	1
12	0	0	0.8	1
12	0	0	0.808333333333333	1
12	0	0	0.816666666666667	1
12	0	0	0.825	1
12	0	0	0.833333333333333	1
12	0	0	0.841666666666667	1
12	0	0	0.85	1
12	0	0	0.858333333333333	1
12	0	0	0.866666666666667	1
12	0	0	0.875	1
12	0	0	0.883333333333333	1
12	0	0	0.891666666666667	1
12	0	0	0.9	1
12	0	0	0.908333333333333	1
12	0	0	0.916666666666667	1
12	0	0	0.925	1
12	0	0	0.933333333333333	1
12	0	0	0.941666666666667	1
12	0	0	0.95	1
12	0	0	0.958333333333333	1
12	0	0	0.966666666666667	1
12	0	0	0.975	1
12	0	0	0.983333333333333	1
12	0	0	0.991666666666667	1
12	0	0	1	1
12	0	0	1.00833333333333	1
12	0	0	1.01666666666667	1
12	0	0	1.025	1
12	0	0	1.03333333333333	1
12	0	0	1.04166666666667	1
12	0	0	1.05	1
12	0	0	1.05833333333333	1
12	0	0	1.06666666666667	1
12	0	0	1.075	1
12	0	0	1.08333333333333	1
12	0	0	1.09166666666667	1
12	0	0	1.1	1
12	0	0	1.10833333333333	1
12	0	0	1.11666666666667	1
12	0	0	1.125	1
12	0	0	1.13333333333333	1
12	0	0	1.14166666666667	1
12	0	0	1.15	1
12	0	0	1.15833333333333	1
12	0	0	1.16666666666667	1
12	0	0	1.175	1
12	0	0	1.18333333333333	1
12	0	0	1.19166666666667	1
12	0	0	1.2	1
12	0	0	1.20833333333333	1
12	0	0	1.21666666666667	1
12	0	0	1.225	1
12	0	0	1.23333333333333	1
12	0	0	1.24166666666667	1
12	0	0	1.25	1
12	0	0	1.25833333333333	1
12	0	0	1.26666666666667	1
12	0	0	1.275	1
12	0	0	1.28333333333333	1
12	0	0	1.29166666666667	1
12	0	0	1.3	1
12	0	0	1.30833333333333	1
12	0	0	1.31666666666667	1
12	0	0	1.325	1
12	0	0	1.33333333333333	1
12	0	0	1.34166666666667	1
13	0	1	0.00833333333333333	0
13	0	1	0.0166666666666667	0
13	0	1	0.025	0
13	0	1	0.0333333333333333	0
13	0	1	0.0416666666666667	0
13	0	1	0.05	0
13	0	1	0.0583333333333333	0
13	0	1	0.0666666666666667	0
13	0	1	0.075	0
13	0	1	0.0833333333333333	0
13	0	1	0.0916666666666667	0
13	0	1	0.1	0
13	0	1	0.108333333333333	0
13	0	1	0.116666666666667	0
13	0	1	0.125	0
13	0	1	0.133333333333333	0
13	0	1	0.141666666666667	0
13	0	1	0.15	0
13	0	1	0.158333333333333	0
13	0	1	0.166666666666667	0
13	0	1	0.175	0
13	0	1	0.183333333333333	0
13	1	1	0.191666666666667	0
13	1	1	0.2	0
13	1	1	0.208333333333333	0
13	0	1	0.216666666666667	0
13	1	1	0.225	0
13	0	1	0.233333333333333	0
13	1	1	0.241666666666667	0
13	1	1	0.25	0
13	1	1	0.258333333333333	0
13	1	1	0.266666666666667	0
13	1	1	0.275	0
13	1	1	0.283333333333333	0
13	0	1	0.291666666666667	0
13	0	1	0.3	0
13	1	1	0.308333333333333	0
13	1	1	0.316666666666667	0
13	1	1	0.325	0
13	1	1	0.333333333333333	0
13	1	1	0.341666666666667	0
13	1	1	0.35	0
13	1	1	0.358333333333333	0
13	1	1	0.366666666666667	0
13	0	1	0.375	0
13	1	1	0.383333333333333	0
13	0	1	0.391666666666667	0
13	0	1	0.4	0
13	0	1	0.408333333333333	0
13	0	1	0.416666666666667	0
13	1	1	0.425	0
13	0	1	0.433333333333333	0
13	1	1	0.441666666666667	0
13	1	1	0.45	0
13	0	1	0.458333333333333	0
13	1	1	0.466666666666667	0
13	1	1	0.475	0
13	1	1	0.483333333333333	0
13	1	1	0.491666666666667	0
13	0	1	0.5	0
13	1	1	0.508333333333333	0
13	1	1	0.516666666666667	0
13	0	1	0.525	0
13	1	1	0.533333333333333	0
13	0	1	0.541666666666667	0
13	0	1	0.55	0
13	0	1	0.558333333333333	0
13	1	1	0.566666666666667	0
13	1	1	0.575	0
13	1	1	0.583333333333333	0
13	1	1	0.591666666666667	0
13	1	1	0.6	0
13	1	1	0.608333333333333	0
13	1	1	0.616666666666667	0
13	0	1	0.625	0
13	0	1	0.633333333333333	0
13	0	1	0.641666666666667	0
13	0	1	0.65	0
13	1	1	0.658333333333333	0
13	1	1	0.666666666666667	0
13	1	1	0.675	0
13	0	1	0.683333333333333	0
13	1	1	0.691666666666667	0
13	1	1	0.7	0
13	1	1	0.708333333333333	0
13	1	1	0.716666666666667	0
13	0	1	0.725	0
13	0	1	0.733333333333333	0
13	1	1	0.741666666666667	0
13	1	1	0.75	0
13	1	1	0.758333333333333	0
13	1	1	0.766666666666667	0
13	0	1	0.775	0
13	0	1	0.783333333333333	0
13	0	1	0.791666666666667	0
13	1	1	0.8	0
13	1	1	0.808333333333333	0
13	1	1	0.816666666666667	0
13	1	1	0.825	0
13	1	1	0.833333333333333	0
13	0	1	0.841666666666667	0
13	1	1	0.85	0
13	1	1	0.858333333333333	0
13	0	1	0.866666666666667	0
13	0	1	0.875	0
13	0	1	0.883333333333333	0
13	1	1	0.891666666666667	0
13	1	1	0.9	0
13	1	1	0.908333333333333	0
13	0	1	0.916666666666667	0
13	1	1	0.925	0
13	1	1	0.933333333333333	0
13	1	1	0.941666666666667	0
13	1	1	0.95	0
13	0	1	0.958333333333333	0
13	1	1	0.966666666666667	0
13	0	1	0.975	0
13	1	1	0.983333333333333	0
13	1	1	0.991666666666667	0
13	1	1	1	0
13	0	1	1.00833333333333	0
13	1	1	1.01666666666667	0
13	0	1	1.025	0
13	0	1	1.03333333333333	0
13	0	1	1.04166666666667	0
13	0	1	1.05	0
13	0	1	1.05833333333333	0
13	0	1	1.06666666666667	0
13	1	1	1.075	0
13	0	1	1.08333333333333	0
13	1	1	1.09166666666667	0
13	1	1	1.1	0
13	1	1	1.10833333333333	0
13	0	1	1.11666666666667	0
13	1	1	1.125	0
13	1	1	1.13333333333333	0
13	1	1	1.14166666666667	0
13	1	1	1.15	0
13	1	1	1.15833333333333	0
13	1	1	1.16666666666667	0
13	1	1	1.175	0
13	1	1	1.18333333333333	0
13	1	1	1.19166666666667	0
13	1	1	1.2	0
13	1	1	1.20833333333333	0
13	1	1	1.21666666666667	0
13	1	1	1.225	0
13	0	1	1.23333333333333	0
13	1	1	1.24166666666667	0
13	1	1	1.25	0
13	1	1	1.25833333333333	0
13	1	1	1.26666666666667	0
13	1	1	1.275	0
13	0	1	1.28333333333333	0
13	0	1	1.29166666666667	0
13	1	1	1.3	0
13	0	1	1.30833333333333	0
13	1	1	1.31666666666667	0
13	0	1	1.325	0
13	0	1	1.33333333333333	0
13	1	1	1.34166666666667	0
14	0	0	0.00833333333333333	0
14	1	0	0.0166666666666667	0
14	0	0	0.025	0
14	0	0	0.0333333333333333	0
14	1	0	0.0416666666666667	0
14	0	0	0.05	0
14	0	0	0.0583333333333333	0
14	0	0	0.0666666666666667	0
14	1	0	0.075	0
14	1	0	0.0833333333333333	0
14	1	0	0.0916666666666667	0
14	0	0	0.1	0
14	0	0	0.108333333333333	0
14	0	0	0.116666666666667	0
14	0	0	0.125	0
14	0	0	0.133333333333333	0
14	0	0	0.141666666666667	0
14	0	0	0.15	0
14	0	0	0.158333333333333	0
14	0	0	0.166666666666667	0
14	0	0	0.175	0
14	1	0	0.183333333333333	0
14	0	0	0.191666666666667	0
14	0	0	0.2	0
14	0	0	0.208333333333333	0
14	1	0	0.216666666666667	0
14	1	0	0.225	0
14	0	0	0.233333333333333	0
14	0	0	0.241666666666667	0
14	0	0	0.25	0
14	0	0	0.258333333333333	0
14	0	0	0.266666666666667	0
14	0	0	0.275	0
14	1	0	0.283333333333333	0
14	1	0	0.291666666666667	0
14	0	0	0.3	0
14	1	0	0.308333333333333	0
14	0	0	0.316666666666667	0
14	1	0	0.325	0
14	1	0	0.333333333333333	0
14	0	0	0.341666666666667	0
14	1	0	0.35	0
14	1	0	0.358333333333333	0
14	1	0	0.366666666666667	0
14	0	0	0.375	0
14	1	0	0.383333333333333	0
14	1	0	0.391666666666667	0
14	1	0	0.4	0
14	1	0	0.408333333333333	0
14	1	0	0.416666666666667	0
14	0	0	0.425	0
14	1	0	0.433333333333333	0
14	1	0	0.441666666666667	0
14	0	0	0.45	0
14	1	0	0.458333333333333	0
14	1	0	0.466666666666667	0
14	0	0	0.475	0
14	1	0	0.483333333333333	0
14	0	0	0.491666666666667	0
14	0	0	0.5	0
14	0	0	0.508333333333333	0
14	0	0	0.516666666666667	0
14	1	0	0.525	0
14	1	0	0.533333333333333	0
14	1	0	0.541666666666667	0
14	1	0	0.55	0
14	1	0	0.558333333333333	0
14	1	0	0.566666666666667	0
14	0	0	0.575	0
14	1	0	0.583333333333333	0
14	0	0	0.591666666666667	0
14	1	0	0.6	0
14	0	0	0.608333333333333	0
14	1	0	0.616666666666667	0
14	1	0	0.625	0
14	0	0	0.633333333333333	0
14	0	0	0.641666666666667	0
14	0	0	0.65	0
14	1	0	0.658333333333333	0
14	1	0	0.666666666666667	0
14	1	0	0.675	0
14	1	0	0.683333333333333	0
14	0	0	0.691666666666667	0
14	0	0	0.7	0
14	0	0	0.708333333333333	0
14	0	0	0.716666666666667	0
14	0	0	0.725	0
14	0	0	0.733333333333333	0
14	0	0	0.741666666666667	0
14	0	0	0.75	0
14	1	0	0.758333333333333	0
14	0	0	0.766666666666667	0
14	0	0	0.775	0
14	1	0	0.783333333333333	0
14	0	0	0.791666666666667	0
14	0	0	0.8	0
14	0	0	0.808333333333333	0
14	0	0	0.816666666666667	0
14	1	0	0.825	0
14	0	0	0.833333333333333	0
14	1	0	0.841666666666667	0
14	0	0	0.85	0
14	0	0	0.858333333333333	0
14	1	0	0.866666666666667	0
14	0	0	0.875	0
14	0	0	0.883333333333333	0
14	0	0	0.891666666666667	0
14	1	0	0.9	0
14	0	0	0.908333333333333	0
14	1	0	0.916666666666667	0
14	1	0	0.925	0
14	0	0	0.933333333333333	0
14	1	0	0.941666666666667	0
14	1	0	0.95	0
14	0	0	0.958333333333333	0
14	0	0	0.966666666666667	0
14	1	0	0.975	0
14	0	0	0.983333333333333	0
14	1	0	0.991666666666667	0
14	0	0	1	0
14	1	0	1.00833333333333	0
14	1	0	1.01666666666667	0
14	1	0	1.025	0
14	0	0	1.03333333333333	0
14	1	0	1.04166666666667	0
14	0	0	1.05	0
14	0	0	1.05833333333333	0
14	0	0	1.06666666666667	0
14	0	0	1.075	0
14	0	0	1.08333333333333	0
14	0	0	1.09166666666667	0
14	1	0	1.1	0
14	1	0	1.10833333333333	0
14	0	0	1.11666666666667	0
14	1	0	1.125	0
14	1	0	1.13333333333333	0
14	1	0	1.14166666666667	0
14	1	0	1.15	0
14	1	0	1.15833333333333	0
14	0	0	1.16666666666667	0
14	0	0	1.175	0
14	0	0	1.18333333333333	0
14	0	0	1.19166666666667	0
14	1	0	1.2	0
14	0	0	1.20833333333333	0
14	0	0	1.21666666666667	0
14	0	0	1.225	0
14	0	0	1.23333333333333	0
14	1	0	1.24166666666667	0
14	1	0	1.25	0
14	0	0	1.25833333333333	0
14	0	0	1.26666666666667	0
14	0	0	1.275	0
14	0	0	1.28333333333333	0
14	0	0	1.29166666666667	0
14	0	0	1.3	0
14	0	0	1.30833333333333	0
14	1	0	1.31666666666667	0
14	0	0	1.325	0
14	1	0	1.33333333333333	0
14	1	0	1.34166666666667	0
15	0	1	0.00833333333333333	0
15	0	1	0.0166666666666667	0
15	0	1	0.025	0
15	0	1	0.0333333333333333	0
15	1	1	0.0416666666666667	0
15	0	1	0.05	0
15	0	1	0.0583333333333333	0
15	0	1	0.0666666666666667	0
15	0	1	0.075	0
15	0	1	0.0833333333333333	0
15	1	1	0.0916666666666667	0
15	1	1	0.1	0
15	0	1	0.108333333333333	0
15	0	1	0.116666666666667	0
15	1	1	0.125	0
15	0	1	0.133333333333333	0
15	1	1	0.141666666666667	0
15	1	1	0.15	0
15	1	1	0.158333333333333	0
15	1	1	0.166666666666667	0
15	0	1	0.175	0
15	0	1	0.183333333333333	0
15	1	1	0.191666666666667	0
15	0	1	0.2	0
15	0	1	0.208333333333333	0
15	1	1	0.216666666666667	0
15	1	1	0.225	0
15	1	1	0.233333333333333	0
15	1	1	0.241666666666667	0
15	1	1	0.25	0
15	1	1	0.258333333333333	0
15	1	1	0.266666666666667	0
15	1	1	0.275	0
15	1	1	0.283333333333333	0
15	1	1	0.291666666666667	0
15	1	1	0.3	0
15	1	1	0.308333333333333	0
15	1	1	0.316666666666667	0
15	1	1	0.325	0
15	1	1	0.333333333333333	0
15	1	1	0.341666666666667	0
15	1	1	0.35	0
15	1	1	0.358333333333333	0
15	1	1	0.366666666666667	0
15	1	1	0.375	0
15	0	1	0.383333333333333	0
15	1	1	0.391666666666667	0
15	1	1	0.4	0
15	1	1	0.408333333333333	0
15	1	1	0.416666666666667	0
15	1	1	0.425	0
15	1	1	0.433333333333333	0
15	1	1	0.441666666666667	0
15	1	1	0.45	0
15	0	1	0.458333333333333	0
15	1	1	0.466666666666667	0
15	1	1	0.475	0
15	1	1	0.483333333333333	0
15	1	1	0.491666666666667	0
15	1	1	0.5	0
15	1	1	0.508333333333333	0
15	1	1	0.516666666666667	0
15	1	1	0.525	0
15	0	1	0.533333333333333	0
15	1	1	0.541666666666667	0
15	1	1	0.55	0
15	1	1	0.558333333333333	0
15	1	1	0.566666666666667	0
15	1	1	0.575	0
15	1	1	0.583333333333333	0
15	1	1	0.591666666666667	0
15	1	1	0.6	0
15	1	1	0.608333333333333	0
15	1	1	0.616666666666667	0
15	1	1	0.625	0
15	0	1	0.633333333333333	0
15	1	1	0.641666666666667	0
15	1	1	0.65	0
15	1	1	0.658333333333333	0
15	1	1	0.666666666666667	0
15	1	1	0.675	0
15	1	1	0.683333333333333	0
15	1	1	0.691666666666667	0
15	1	1	0.7	0
15	1	1	0.708333333333333	0
15	1	1	0.716666666666667	0
15	1	1	0.725	0
15	1	1	0.733333333333333	0
15	1	1	0.741666666666667	0
15	1	1	0.75	0
15	0	1	0.758333333333333	0
15	1	1	0.766666666666667	0
15	1	1	0.775	0
15	1	1	0.783333333333333	0
15	1	1	0.791666666666667	0
15	1	1	0.8	0
15	1	1	0.808333333333333	0
15	1	1	0.816666666666667	0
15	1	1	0.825	0
15	1	1	0.833333333333333	0
15	1	1	0.841666666666667	0
15	1	1	0.85	0
15	1	1	0.858333333333333	0
15	1	1	0.866666666666667	0
15	1	1	0.875	0
15	1	1	0.883333333333333	0
15	1	1	0.891666666666667	0
15	1	1	0.9	0
15	1	1	0.908333333333333	0
15	1	1	0.916666666666667	0
15	1	1	0.925	0
15	0	1	0.933333333333333	0
15	1	1	0.941666666666667	0
15	1	1	0.95	0
15	1	1	0.958333333333333	0
15	1	1	0.966666666666667	0
15	1	1	0.975	0
15	1	1	0.983333333333333	0
15	1	1	0.991666666666667	0
15	1	1	1	0
15	0	1	1.00833333333333	0
15	1	1	1.01666666666667	0
15	0	1	1.025	0
15	0	1	1.03333333333333	0
15	1	1	1.04166666666667	0
15	1	1	1.05	0
15	1	1	1.05833333333333	0
15	0	1	1.06666666666667	0
15	1	1	1.075	0
15	1	1	1.08333333333333	0
15	1	1	1.09166666666667	0
15	0	1	1.1	0
15	1	1	1.10833333333333	0
15	1	1	1.11666666666667	0
15	1	1	1.125	0
15	1	1	1.13333333333333	0
15	1	1	1.14166666666667	0
15	1	1	1.15	0
15	1	1	1.15833333333333	0
15	1	1	1.16666666666667	0
15	1	1	1.175	0
15	1	1	1.18333333333333	0
15	1	1	1.19166666666667	0
15	1	1	1.2	0
15	1	1	1.20833333333333	0
15	1	1	1.21666666666667	0
15	0	1	1.225	0
15	0	1	1.23333333333333	0
15	1	1	1.24166666666667	0
15	1	1	1.25	0
15	1	1	1.25833333333333	0
15	1	1	1.26666666666667	0
15	0	1	1.275	0
15	0	1	1.28333333333333	0
15	1	1	1.29166666666667	0
15	0	1	1.3	0
15	0	1	1.30833333333333	0
15	1	1	1.31666666666667	0
15	0	1	1.325	0
15	0	1	1.33333333333333	0
15	0	1	1.34166666666667	0
16	0	0	0.00833333333333333	0
16	1	0	0.0166666666666667	0
16	0	0	0.025	0
16	1	0	0.0333333333333333	0
16	1	0	0.0416666666666667	0
16	0	0	0.05	0
16	0	0	0.0583333333333333	0
16	0	0	0.0666666666666667	0
16	1	0	0.075	0
16	1	0	0.0833333333333333	0
16	1	0	0.0916666666666667	0
16	1	0	0.1	0
16	1	0	0.108333333333333	0
16	0	0	0.116666666666667	0
16	1	0	0.125	0
16	1	0	0.133333333333333	0
16	0	0	0.141666666666667	0
16	1	0	0.15	0
16	0	0	0.158333333333333	0
16	0	0	0.166666666666667	0
16	0	0	0.175	0
16	0	0	0.183333333333333	0
16	0	0	0.191666666666667	0
16	0	0	0.2	0
16	0	0	0.208333333333333	0
16	1	0	0.216666666666667	0
16	0	0	0.225	0
16	1	0	0.233333333333333	0
16	0	0	0.241666666666667	0
16	0	0	0.25	0
16	1	0	0.258333333333333	0
16	0	0	0.266666666666667	0
16	0	0	0.275	0
16	1	0	0.283333333333333	0
16	1	0	0.291666666666667	0
16	1	0	0.3	0
16	1	0	0.308333333333333	0
16	1	0	0.316666666666667	0
16	0	0	0.325	0
16	1	0	0.333333333333333	0
16	1	0	0.341666666666667	0
16	1	0	0.35	0
16	1	0	0.358333333333333	0
16	1	0	0.366666666666667	0
16	1	0	0.375	0
16	1	0	0.383333333333333	0
16	1	0	0.391666666666667	0
16	1	0	0.4	0
16	1	0	0.408333333333333	0
16	1	0	0.416666666666667	0
16	1	0	0.425	0
16	1	0	0.433333333333333	0
16	1	0	0.441666666666667	0
16	1	0	0.45	0
16	1	0	0.458333333333333	0
16	0	0	0.466666666666667	0
16	1	0	0.475	0
16	1	0	0.483333333333333	0
16	1	0	0.491666666666667	0
16	1	0	0.5	0
16	1	0	0.508333333333333	0
16	1	0	0.516666666666667	0
16	1	0	0.525	0
16	1	0	0.533333333333333	0
16	1	0	0.541666666666667	0
16	0	0	0.55	0
16	1	0	0.558333333333333	0
16	1	0	0.566666666666667	0
16	1	0	0.575	0
16	1	0	0.583333333333333	0
16	0	0	0.591666666666667	0
16	1	0	0.6	0
16	0	0	0.608333333333333	0
16	1	0	0.616666666666667	0
16	1	0	0.625	0
16	1	0	0.633333333333333	0
16	1	0	0.641666666666667	0
16	0	0	0.65	0
16	1	0	0.658333333333333	0
16	1	0	0.666666666666667	0
16	1	0	0.675	0
16	1	0	0.683333333333333	0
16	1	0	0.691666666666667	0
16	1	0	0.7	0
16	1	0	0.708333333333333	0
16	1	0	0.716666666666667	0
16	1	0	0.725	0
16	1	0	0.733333333333333	0
16	1	0	0.741666666666667	0
16	0	0	0.75	0
16	1	0	0.758333333333333	0
16	1	0	0.766666666666667	0
16	1	0	0.775	0
16	1	0	0.783333333333333	0
16	1	0	0.791666666666667	0
16	1	0	0.8	0
16	1	0	0.808333333333333	0
16	1	0	0.816666666666667	0
16	0	0	0.825	0
16	1	0	0.833333333333333	0
16	1	0	0.841666666666667	0
16	1	0	0.85	0
16	1	0	0.858333333333333	0
16	1	0	0.866666666666667	0
16	1	0	0.875	0
16	1	0	0.883333333333333	0
16	1	0	0.891666666666667	0
16	1	0	0.9	0
16	0	0	0.908333333333333	0
16	1	0	0.916666666666667	0
16	1	0	0.925	0
16	1	0	0.933333333333333	0
16	1	0	0.941666666666667	0
16	1	0	0.95	0
16	1	0	0.958333333333333	0
16	0	0	0.966666666666667	0
16	1	0	0.975	0
16	1	0	0.983333333333333	0
16	1	0	0.991666666666667	0
16	1	0	1	0
16	1	0	1.00833333333333	0
16	1	0	1.01666666666667	0
16	1	0	1.025	0
16	1	0	1.03333333333333	0
16	1	0	1.04166666666667	0
16	1	0	1.05	0
16	1	0	1.05833333333333	0
16	0	0	1.06666666666667	0
16	1	0	1.075	0
16	1	0	1.08333333333333	0
16	1	0	1.09166666666667	0
16	1	0	1.1	0
16	1	0	1.10833333333333	0
16	1	0	1.11666666666667	0
16	1	0	1.125	0
16	1	0	1.13333333333333	0
16	1	0	1.14166666666667	0
16	1	0	1.15	0
16	1	0	1.15833333333333	0
16	1	0	1.16666666666667	0
16	1	0	1.175	0
16	1	0	1.18333333333333	0
16	1	0	1.19166666666667	0
16	1	0	1.2	0
16	1	0	1.20833333333333	0
16	1	0	1.21666666666667	0
16	0	0	1.225	0
16	1	0	1.23333333333333	0
16	0	0	1.24166666666667	0
16	1	0	1.25	0
16	1	0	1.25833333333333	0
16	1	0	1.26666666666667	0
16	1	0	1.275	0
16	1	0	1.28333333333333	0
16	0	0	1.29166666666667	0
16	1	0	1.3	0
16	1	0	1.30833333333333	0
16	1	0	1.31666666666667	0
16	1	0	1.325	0
16	1	0	1.33333333333333	0
16	0	0	1.34166666666667	0
17	1	1	0.00833333333333333	0
17	1	1	0.0166666666666667	0
17	0	1	0.025	0
17	1	1	0.0333333333333333	0
17	0	1	0.0416666666666667	0
17	0	1	0.05	0
17	1	1	0.0583333333333333	0
17	0	1	0.0666666666666667	0
17	1	1	0.075	0
17	0	1	0.0833333333333333	0
17	1	1	0.0916666666666667	0
17	1	1	0.1	0
17	1	1	0.108333333333333	0
17	1	1	0.116666666666667	0
17	1	1	0.125	0
17	1	1	0.133333333333333	0
17	0	1	0.141666666666667	0
17	1	1	0.15	0
17	0	1	0.158333333333333	0
17	0	1	0.166666666666667	0
17	1	1	0.175	0
17	1	1	0.183333333333333	0
17	1	1	0.191666666666667	0
17	1	1	0.2	0
17	1	1	0.208333333333333	0
17	1	1	0.216666666666667	0
17	0	1	0.225	0
17	0	1	0.233333333333333	0
17	0	1	0.241666666666667	0
17	1	1	0.25	0
17	0	1	0.258333333333333	0
17	1	1	0.266666666666667	0
17	1	1	0.275	0
17	1	1	0.283333333333333	0
17	1	1	0.291666666666667	0
17	1	1	0.3	0
17	1	1	0.308333333333333	0
17	0	1	0.316666666666667	0
17	0	1	0.325	0
17	1	1	0.333333333333333	0
17	1	1	0.341666666666667	0
17	0	1	0.35	0
17	1	1	0.358333333333333	0
17	0	1	0.366666666666667	0
17	1	1	0.375	0
17	0	1	0.383333333333333	0
17	1	1	0.391666666666667	0
17	0	1	0.4	0
17	1	1	0.408333333333333	0
17	0	1	0.416666666666667	0
17	1	1	0.425	0
17	0	1	0.433333333333333	0
17	0	1	0.441666666666667	0
17	0	1	0.45	0
17	1	1	0.458333333333333	0
17	1	1	0.466666666666667	0
17	1	1	0.475	0
17	1	1	0.483333333333333	0
17	0	1	0.491666666666667	0
17	0	1	0.5	0
17	0	1	0.508333333333333	0
17	0	1	0.516666666666667	0
17	0	1	0.525	0
17	1	1	0.533333333333333	0
17	1	1	0.541666666666667	0
17	1	1	0.55	0
17	0	1	0.558333333333333	0
17	1	1	0.566666666666667	0
17	1	1	0.575	0
17	0	1	0.583333333333333	0
17	0	1	0.591666666666667	0
17	1	1	0.6	0
17	1	1	0.608333333333333	0
17	1	1	0.616666666666667	0
17	0	1	0.625	0
17	1	1	0.633333333333333	0
17	1	1	0.641666666666667	0
17	1	1	0.65	0
17	1	1	0.658333333333333	0
17	0	1	0.666666666666667	0
17	1	1	0.675	0
17	0	1	0.683333333333333	0
17	1	1	0.691666666666667	0
17	1	1	0.7	0
17	1	1	0.708333333333333	0
17	1	1	0.716666666666667	0
17	0	1	0.725	0
17	0	1	0.733333333333333	0
17	1	1	0.741666666666667	0
17	0	1	0.75	0
17	1	1	0.758333333333333	0
17	1	1	0.766666666666667	0
17	1	1	0.775	0
17	0	1	0.783333333333333	0
17	0	1	0.791666666666667	0
17	0	1	0.8	0
17	0	1	0.808333333333333	0
17	1	1	0.816666666666667	0
17	0	1	0.825	0
17	0	1	0.833333333333333	0
17	1	1	0.841666666666667	0
17	1	1	0.85	0
17	0	1	0.858333333333333	0
17	0	1	0.866666666666667	0
17	0	1	0.875	0
17	0	1	0.883333333333333	0
17	0	1	0.891666666666667	0
17	1	1	0.9	0
17	0	1	0.908333333333333	0
17	0	1	0.916666666666667	0
17	1	1	0.925	0
17	1	1	0.933333333333333	0
17	1	1	0.941666666666667	0
17	1	1	0.95	0
17	0	1	0.958333333333333	0
17	1	1	0.966666666666667	0
17	1	1	0.975	0
17	0	1	0.983333333333333	0
17	1	1	0.991666666666667	0
17	1	1	1	0
17	1	1	1.00833333333333	0
17	1	1	1.01666666666667	0
17	1	1	1.025	0
17	0	1	1.03333333333333	0
17	1	1	1.04166666666667	0
17	1	1	1.05	0
17	1	1	1.05833333333333	0
17	0	1	1.06666666666667	0
17	1	1	1.075	0
17	0	1	1.08333333333333	0
17	0	1	1.09166666666667	0
17	1	1	1.1	0
17	0	1	1.10833333333333	0
17	1	1	1.11666666666667	0
17	1	1	1.125	0
17	1	1	1.13333333333333	0
17	1	1	1.14166666666667	0
17	1	1	1.15	0
17	1	1	1.15833333333333	0
17	1	1	1.16666666666667	0
17	1	1	1.175	0
17	0	1	1.18333333333333	0
17	1	1	1.19166666666667	0
17	1	1	1.2	0
17	0	1	1.20833333333333	0
17	0	1	1.21666666666667	0
17	0	1	1.225	0
17	1	1	1.23333333333333	0
17	0	1	1.24166666666667	0
17	1	1	1.25	0
17	1	1	1.25833333333333	0
17	1	1	1.26666666666667	0
17	1	1	1.275	0
17	1	1	1.28333333333333	0
17	1	1	1.29166666666667	0
17	0	1	1.3	0
17	1	1	1.30833333333333	0
17	0	1	1.31666666666667	0
17	1	1	1.325	0
17	0	1	1.33333333333333	0
17	1	1	1.34166666666667	0
18	0	0	0.00833333333333333	0
18	0	0	0.0166666666666667	0
18	0	0	0.025	0
18	0	0	0.0333333333333333	0
18	0	0	0.0416666666666667	0
18	0	0	0.05	0
18	0	0	0.0583333333333333	0
18	0	0	0.0666666666666667	0
18	0	0	0.075	0
18	0	0	0.0833333333333333	0
18	0	0	0.0916666666666667	0
18	0	0	0.1	0
18	0	0	0.108333333333333	0
18	0	0	0.116666666666667	0
18	0	0	0.125	0
18	0	0	0.133333333333333	0
18	0	0	0.141666666666667	0
18	0	0	0.15	0
18	0	0	0.158333333333333	0
18	0	0	0.166666666666667	0
18	0	0	0.175	0
18	0	0	0.183333333333333	0
18	0	0	0.191666666666667	0
18	0	0	0.2	0
18	0	0	0.208333333333333	0
18	0	0	0.216666666666667	0
18	0	0	0.225	0
18	0	0	0.233333333333333	0
18	0	0	0.241666666666667	0
18	0	0	0.25	0
18	0	0	0.258333333333333	0
18	1	0	0.266666666666667	0
18	0	0	0.275	0
18	0	0	0.283333333333333	0
18	0	0	0.291666666666667	0
18	1	0	0.3	0
18	0	0	0.308333333333333	0
18	0	0	0.316666666666667	0
18	0	0	0.325	0
18	0	0	0.333333333333333	0
18	0	0	0.341666666666667	0
18	0	0	0.35	0
18	0	0	0.358333333333333	0
18	0	0	0.366666666666667	0
18	0	0	0.375	0
18	0	0	0.383333333333333	0
18	0	0	0.391666666666667	0
18	0	0	0.4	0
18	0	0	0.408333333333333	0
18	0	0	0.416666666666667	0
18	0	0	0.425	0
18	0	0	0.433333333333333	0
18	0	0	0.441666666666667	0
18	0	0	0.45	0
18	0	0	0.458333333333333	0
18	1	0	0.466666666666667	0
18	1	0	0.475	0
18	0	0	0.483333333333333	0
18	1	0	0.491666666666667	0
18	1	0	0.5	0
18	0	0	0.508333333333333	0
18	0	0	0.516666666666667	0
18	1	0	0.525	0
18	1	0	0.533333333333333	0
18	0	0	0.541666666666667	0
18	1	0	0.55	0
18	1	0	0.558333333333333	0
18	0	0	0.566666666666667	0
18	0	0	0.575	0
18	1	0	0.583333333333333	0
18	0	0	0.591666666666667	0
18	1	0	0.6	0
18	0	0	0.608333333333333	0
18	1	0	0.616666666666667	0
18	0	0	0.625	0
18	0	0	0.633333333333333	0
18	1	0	0.641666666666667	0
18	0	0	0.65	0
18	0	0	0.658333333333333	0
18	0	0	0.666666666666667	0
18	1	0	0.675	0
18	0	0	0.683333333333333	0
18	1	0	0.691666666666667	0
18	1	0	0.7	0
18	0	0	0.708333333333333	0
18	0	0	0.716666666666667	0
18	0	0	0.725	0
18	1	0	0.733333333333333	0
18	1	0	0.741666666666667	0
18	1	0	0.75	0
18	1	0	0.758333333333333	0
18	0	0	0.766666666666667	0
18	0	0	0.775	0
18	0	0	0.783333333333333	0
18	0	0	0.791666666666667	0
18	0	0	0.8	0
18	0	0	0.808333333333333	0
18	0	0	0.816666666666667	0
18	1	0	0.825	0
18	0	0	0.833333333333333	0
18	0	0	0.841666666666667	0
18	0	0	0.85	0
18	0	0	0.858333333333333	0
18	0	0	0.866666666666667	0
18	0	0	0.875	0
18	0	0	0.883333333333333	0
18	0	0	0.891666666666667	0
18	0	0	0.9	0
18	0	0	0.908333333333333	0
18	0	0	0.916666666666667	0
18	0	0	0.925	0
18	1	0	0.933333333333333	0
18	0	0	0.941666666666667	0
18	0	0	0.95	0
18	0	0	0.958333333333333	0
18	0	0	0.966666666666667	0
18	1	0	0.975	0
18	1	0	0.983333333333333	0
18	0	0	0.991666666666667	0
18	0	0	1	0
18	0	0	1.00833333333333	0
18	0	0	1.01666666666667	0
18	0	0	1.025	0
18	0	0	1.03333333333333	0
18	0	0	1.04166666666667	0
18	0	0	1.05	0
18	0	0	1.05833333333333	0
18	0	0	1.06666666666667	0
18	0	0	1.075	0
18	0	0	1.08333333333333	0
18	0	0	1.09166666666667	0
18	0	0	1.1	0
18	0	0	1.10833333333333	0
18	0	0	1.11666666666667	0
18	0	0	1.125	0
18	0	0	1.13333333333333	0
18	0	0	1.14166666666667	0
18	0	0	1.15	0
18	0	0	1.15833333333333	0
18	0	0	1.16666666666667	0
18	0	0	1.175	0
18	0	0	1.18333333333333	0
18	0	0	1.19166666666667	0
18	0	0	1.2	0
18	0	0	1.20833333333333	0
18	0	0	1.21666666666667	0
18	0	0	1.225	0
18	0	0	1.23333333333333	0
18	1	0	1.24166666666667	0
18	1	0	1.25	0
18	0	0	1.25833333333333	0
18	1	0	1.26666666666667	0
18	0	0	1.275	0
18	0	0	1.28333333333333	0
18	0	0	1.29166666666667	0
18	0	0	1.3	0
18	0	0	1.30833333333333	0
18	0	0	1.31666666666667	0
18	0	0	1.325	0
18	0	0	1.33333333333333	0
18	0	0	1.34166666666667	0
19	0	1	0.00833333333333333	0
19	0	1	0.0166666666666667	0
19	0	1	0.025	0
19	0	1	0.0333333333333333	0
19	0	1	0.0416666666666667	0
19	0	1	0.05	0
19	0	1	0.0583333333333333	0
19	0	1	0.0666666666666667	0
19	0	1	0.075	0
19	0	1	0.0833333333333333	0
19	0	1	0.0916666666666667	0
19	0	1	0.1	0
19	1	1	0.108333333333333	0
19	0	1	0.116666666666667	0
19	0	1	0.125	0
19	0	1	0.133333333333333	0
19	0	1	0.141666666666667	0
19	0	1	0.15	0
19	0	1	0.158333333333333	0
19	1	1	0.166666666666667	0
19	0	1	0.175	0
19	1	1	0.183333333333333	0
19	1	1	0.191666666666667	0
19	0	1	0.2	0
19	0	1	0.208333333333333	0
19	0	1	0.216666666666667	0
19	0	1	0.225	0
19	0	1	0.233333333333333	0
19	1	1	0.241666666666667	0
19	1	1	0.25	0
19	1	1	0.258333333333333	0
19	1	1	0.266666666666667	0
19	1	1	0.275	0
19	0	1	0.283333333333333	0
19	0	1	0.291666666666667	0
19	0	1	0.3	0
19	0	1	0.308333333333333	0
19	0	1	0.316666666666667	0
19	0	1	0.325	0
19	1	1	0.333333333333333	0
19	0	1	0.341666666666667	0
19	1	1	0.35	0
19	0	1	0.358333333333333	0
19	0	1	0.366666666666667	0
19	0	1	0.375	0
19	0	1	0.383333333333333	0
19	0	1	0.391666666666667	0
19	0	1	0.4	0
19	0	1	0.408333333333333	0
19	0	1	0.416666666666667	0
19	0	1	0.425	0
19	1	1	0.433333333333333	0
19	0	1	0.441666666666667	0
19	0	1	0.45	0
19	0	1	0.458333333333333	0
19	0	1	0.466666666666667	0
19	0	1	0.475	0
19	0	1	0.483333333333333	0
19	0	1	0.491666666666667	0
19	0	1	0.5	0
19	0	1	0.508333333333333	0
19	0	1	0.516666666666667	0
19	0	1	0.525	0
19	1	1	0.533333333333333	0
19	1	1	0.541666666666667	0
19	0	1	0.55	0
19	1	1	0.558333333333333	0
19	1	1	0.566666666666667	0
19	1	1	0.575	0
19	1	1	0.583333333333333	0
19	1	1	0.591666666666667	0
19	0	1	0.6	0
19	1	1	0.608333333333333	0
19	0	1	0.616666666666667	0
19	1	1	0.625	0
19	1	1	0.633333333333333	0
19	0	1	0.641666666666667	0
19	1	1	0.65	0
19	0	1	0.658333333333333	0
19	1	1	0.666666666666667	0
19	0	1	0.675	0
19	0	1	0.683333333333333	0
19	1	1	0.691666666666667	0
19	1	1	0.7	0
19	1	1	0.708333333333333	0
19	1	1	0.716666666666667	0
19	1	1	0.725	0
19	1	1	0.733333333333333	0
19	1	1	0.741666666666667	0
19	1	1	0.75	0
19	1	1	0.758333333333333	0
19	1	1	0.766666666666667	0
19	1	1	0.775	0
19	1	1	0.783333333333333	0
19	1	1	0.791666666666667	0
19	1	1	0.8	0
19	1	1	0.808333333333333	0
19	1	1	0.816666666666667	0
19	0	1	0.825	0
19	1	1	0.833333333333333	0
19	1	1	0.841666666666667	0
19	1	1	0.85	0
19	1	1	0.858333333333333	0
19	1	1	0.866666666666667	0
19	0	1	0.875	0
19	1	1	0.883333333333333	0
19	1	1	0.891666666666667	0
19	1	1	0.9	0
19	1	1	0.908333333333333	0
19	1	1	0.916666666666667	0
19	1	1	0.925	0
19	1	1	0.933333333333333	0
19	0	1	0.941666666666667	0
19	1	1	0.95	0
19	1	1	0.958333333333333	0
19	1	1	0.966666666666667	0
19	1	1	0.975	0
19	1	1	0.983333333333333	0
19	1	1	0.991666666666667	0
19	1	1	1	0
19	1	1	1.00833333333333	0
19	1	1	1.01666666666667	0
19	1	1	1.025	0
19	0	1	1.03333333333333	0
19	0	1	1.04166666666667	0
19	1	1	1.05	0
19	1	1	1.05833333333333	0
19	1	1	1.06666666666667	0
19	1	1	1.075	0
19	1	1	1.08333333333333	0
19	1	1	1.09166666666667	0
19	1	1	1.1	0
19	1	1	1.10833333333333	0
19	1	1	1.11666666666667	0
19	1	1	1.125	0
19	0	1	1.13333333333333	0
19	1	1	1.14166666666667	0
19	1	1	1.15	0
19	1	1	1.15833333333333	0
19	1	1	1.16666666666667	0
19	1	1	1.175	0
19	1	1	1.18333333333333	0
19	1	1	1.19166666666667	0
19	1	1	1.2	0
19	1	1	1.20833333333333	0
19	1	1	1.21666666666667	0
19	1	1	1.225	0
19	1	1	1.23333333333333	0
19	1	1	1.24166666666667	0
19	0	1	1.25	0
19	1	1	1.25833333333333	0
19	1	1	1.26666666666667	0
19	0	1	1.275	0
19	1	1	1.28333333333333	0
19	1	1	1.29166666666667	0
19	1	1	1.3	0
19	0	1	1.30833333333333	0
19	1	1	1.31666666666667	0
19	1	1	1.325	0
19	1	1	1.33333333333333	0
19	1	1	1.34166666666667	0
20	0	0	0.00833333333333333	0
20	0	0	0.0166666666666667	0
20	0	0	0.025	0
20	0	0	0.0333333333333333	0
20	0	0	0.0416666666666667	0
20	0	0	0.05	0
20	0	0	0.0583333333333333	0
20	0	0	0.0666666666666667	0
20	0	0	0.075	0
20	0	0	0.0833333333333333	0
20	0	0	0.0916666666666667	0
20	0	0	0.1	0
20	0	0	0.108333333333333	0
20	0	0	0.116666666666667	0
20	0	0	0.125	0
20	0	0	0.133333333333333	0
20	0	0	0.141666666666667	0
20	0	0	0.15	0
20	0	0	0.158333333333333	0
20	0	0	0.166666666666667	0
20	0	0	0.175	0
20	0	0	0.183333333333333	0
20	0	0	0.191666666666667	0
20	0	0	0.2	0
20	0	0	0.208333333333333	0
20	0	0	0.216666666666667	0
20	0	0	0.225	0
20	0	0	0.233333333333333	0
20	0	0	0.241666666666667	0
20	0	0	0.25	0
20	0	0	0.258333333333333	0
20	0	0	0.266666666666667	0
20	0	0	0.275	0
20	0	0	0.283333333333333	0
20	0	0	0.291666666666667	0
20	0	0	0.3	0
20	0	0	0.308333333333333	0
20	0	0	0.316666666666667	0
20	0	0	0.325	0
20	0	0	0.333333333333333	0
20	1	0	0.341666666666667	0
20	0	0	0.35	0
20	0	0	0.358333333333333	0
20	0	0	0.366666666666667	0
20	1	0	0.375	0
20	1	0	0.383333333333333	0
20	0	0	0.391666666666667	0
20	0	0	0.4	0
20	0	0	0.408333333333333	0
20	0	0	0.416666666666667	0
20	0	0	0.425	0
20	0	0	0.433333333333333	0
20	0	0	0.441666666666667	0
20	1	0	0.45	0
20	0	0	0.458333333333333	0
20	1	0	0.466666666666667	0
20	1	0	0.475	0
20	0	0	0.483333333333333	0
20	1	0	0.491666666666667	0
20	1	0	0.5	0
20	0	0	0.508333333333333	0
20	0	0	0.516666666666667	0
20	1	0	0.525	0
20	0	0	0.533333333333333	0
20	1	0	0.541666666666667	0
20	1	0	0.55	0
20	0	0	0.558333333333333	0
20	0	0	0.566666666666667	0
20	0	0	0.575	0
20	1	0	0.583333333333333	0
20	0	0	0.591666666666667	0
20	1	0	0.6	0
20	0	0	0.608333333333333	0
20	1	0	0.616666666666667	0
20	1	0	0.625	0
20	0	0	0.633333333333333	0
20	1	0	0.641666666666667	0
20	1	0	0.65	0
20	0	0	0.658333333333333	0
20	0	0	0.666666666666667	0
20	0	0	0.675	0
20	0	0	0.683333333333333	0
20	0	0	0.691666666666667	0
20	1	0	0.7	0
20	1	0	0.708333333333333	0
20	1	0	0.716666666666667	0
20	0	0	0.725	0
20	1	0	0.733333333333333	0
20	1	0	0.741666666666667	0
20	0	0	0.75	0
20	0	0	0.758333333333333	0
20	1	0	0.766666666666667	0
20	1	0	0.775	0
20	0	0	0.783333333333333	0
20	0	0	0.791666666666667	0
20	0	0	0.8	0
20	0	0	0.808333333333333	0
20	0	0	0.816666666666667	0
20	0	0	0.825	0
20	0	0	0.833333333333333	0
20	0	0	0.841666666666667	0
20	0	0	0.85	0
20	0	0	0.858333333333333	0
20	0	0	0.866666666666667	0
20	1	0	0.875	0
20	0	0	0.883333333333333	0
20	0	0	0.891666666666667	0
20	0	0	0.9	0
20	1	0	0.908333333333333	0
20	1	0	0.916666666666667	0
20	1	0	0.925	0
20	1	0	0.933333333333333	0
20	1	0	0.941666666666667	0
20	1	0	0.95	0
20	1	0	0.958333333333333	0
20	0	0	0.966666666666667	0
20	0	0	0.975	0
20	1	0	0.983333333333333	0
20	0	0	0.991666666666667	0
20	1	0	1	0
20	0	0	1.00833333333333	0
20	1	0	1.01666666666667	0
20	1	0	1.025	0
20	1	0	1.03333333333333	0
20	1	0	1.04166666666667	0
20	1	0	1.05	0
20	0	0	1.05833333333333	0
20	0	0	1.06666666666667	0
20	1	0	1.075	0
20	1	0	1.08333333333333	0
20	0	0	1.09166666666667	0
20	0	0	1.1	0
20	0	0	1.10833333333333	0
20	0	0	1.11666666666667	0
20	1	0	1.125	0
20	1	0	1.13333333333333	0
20	1	0	1.14166666666667	0
20	1	0	1.15	0
20	1	0	1.15833333333333	0
20	1	0	1.16666666666667	0
20	0	0	1.175	0
20	0	0	1.18333333333333	0
20	0	0	1.19166666666667	0
20	1	0	1.2	0
20	1	0	1.20833333333333	0
20	1	0	1.21666666666667	0
20	0	0	1.225	0
20	0	0	1.23333333333333	0
20	0	0	1.24166666666667	0
20	1	0	1.25	0
20	1	0	1.25833333333333	0
20	0	0	1.26666666666667	0
20	1	0	1.275	0
20	1	0	1.28333333333333	0
20	0	0	1.29166666666667	0
20	0	0	1.3	0
20	1	0	1.30833333333333	0
20	1	0	1.31666666666667	0
20	1	0	1.325	0
20	1	0	1.33333333333333	0
20	1	0	1.34166666666667	0
21	0	1	0.00833333333333333	0
21	0	1	0.0166666666666667	0
21	0	1	0.025	0
21	0	1	0.0333333333333333	0
21	0	1	0.0416666666666667	0
21	0	1	0.05	0
21	0	1	0.0583333333333333	0
21	0	1	0.0666666666666667	0
21	0	1	0.075	0
21	1	1	0.0833333333333333	0
21	0	1	0.0916666666666667	0
21	0	1	0.1	0
21	0	1	0.108333333333333	0
21	1	1	0.116666666666667	0
21	0	1	0.125	0
21	0	1	0.133333333333333	0
21	0	1	0.141666666666667	0
21	0	1	0.15	0
21	0	1	0.158333333333333	0
21	0	1	0.166666666666667	0
21	0	1	0.175	0
21	1	1	0.183333333333333	0
21	0	1	0.191666666666667	0
21	1	1	0.2	0
21	0	1	0.208333333333333	0
21	0	1	0.216666666666667	0
21	0	1	0.225	0
21	0	1	0.233333333333333	0
21	0	1	0.241666666666667	0
21	0	1	0.25	0
21	0	1	0.258333333333333	0
21	1	1	0.266666666666667	0
21	0	1	0.275	0
21	0	1	0.283333333333333	0
21	0	1	0.291666666666667	0
21	0	1	0.3	0
21	1	1	0.308333333333333	0
21	1	1	0.316666666666667	0
21	1	1	0.325	0
21	0	1	0.333333333333333	0
21	0	1	0.341666666666667	0
21	1	1	0.35	0
21	0	1	0.358333333333333	0
21	0	1	0.366666666666667	0
21	0	1	0.375	0
21	0	1	0.383333333333333	0
21	0	1	0.391666666666667	0
21	1	1	0.4	0
21	0	1	0.408333333333333	0
21	0	1	0.416666666666667	0
21	0	1	0.425	0
21	1	1	0.433333333333333	0
21	0	1	0.441666666666667	0
21	1	1	0.45	0
21	0	1	0.458333333333333	0
21	0	1	0.466666666666667	0
21	0	1	0.475	0
21	1	1	0.483333333333333	0
21	1	1	0.491666666666667	0
21	1	1	0.5	0
21	0	1	0.508333333333333	0
21	1	1	0.516666666666667	0
21	1	1	0.525	0
21	1	1	0.533333333333333	0
21	0	1	0.541666666666667	0
21	1	1	0.55	0
21	1	1	0.558333333333333	0
21	1	1	0.566666666666667	0
21	1	1	0.575	0
21	1	1	0.583333333333333	0
21	1	1	0.591666666666667	0
21	0	1	0.6	0
21	1	1	0.608333333333333	0
21	1	1	0.616666666666667	0
21	1	1	0.625	0
21	0	1	0.633333333333333	0
21	1	1	0.641666666666667	0
21	1	1	0.65	0
21	1	1	0.658333333333333	0
21	0	1	0.666666666666667	0
21	0	1	0.675	0
21	1	1	0.683333333333333	0
21	0	1	0.691666666666667	0
21	0	1	0.7	0
21	1	1	0.708333333333333	0
21	0	1	0.716666666666667	0
21	0	1	0.725	0
21	1	1	0.733333333333333	0
21	1	1	0.741666666666667	0
21	0	1	0.75	0
21	0	1	0.758333333333333	0
21	0	1	0.766666666666667	0
21	0	1	0.775	0
21	0	1	0.783333333333333	0
21	0	1	0.791666666666667	0
21	0	1	0.8	0
21	0	1	0.808333333333333	0
21	1	1	0.816666666666667	0
21	0	1	0.825	0
21	1	1	0.833333333333333	0
21	1	1	0.841666666666667	0
21	0	1	0.85	0
21	0	1	0.858333333333333	0
21	0	1	0.866666666666667	0
21	0	1	0.875	0
21	1	1	0.883333333333333	0
21	0	1	0.891666666666667	0
21	0	1	0.9	0
21	1	1	0.908333333333333	0
21	1	1	0.916666666666667	0
21	1	1	0.925	0
21	1	1	0.933333333333333	0
21	0	1	0.941666666666667	0
21	0	1	0.95	0
21	0	1	0.958333333333333	0
21	0	1	0.966666666666667	0
21	0	1	0.975	0
21	0	1	0.983333333333333	0
21	0	1	0.991666666666667	0
21	0	1	1	0
21	0	1	1.00833333333333	0
21	0	1	1.01666666666667	0
21	0	1	1.025	0
21	0	1	1.03333333333333	0
21	0	1	1.04166666666667	0
21	0	1	1.05	0
21	1	1	1.05833333333333	0
21	1	1	1.06666666666667	0
21	1	1	1.075	0
21	1	1	1.08333333333333	0
21	1	1	1.09166666666667	0
21	1	1	1.1	0
21	1	1	1.10833333333333	0
21	1	1	1.11666666666667	0
21	0	1	1.125	0
21	0	1	1.13333333333333	0
21	0	1	1.14166666666667	0
21	1	1	1.15	0
21	0	1	1.15833333333333	0
21	1	1	1.16666666666667	0
21	0	1	1.175	0
21	0	1	1.18333333333333	0
21	1	1	1.19166666666667	0
21	0	1	1.2	0
21	0	1	1.20833333333333	0
21	1	1	1.21666666666667	0
21	0	1	1.225	0
21	1	1	1.23333333333333	0
21	1	1	1.24166666666667	0
21	0	1	1.25	0
21	0	1	1.25833333333333	0
21	0	1	1.26666666666667	0
21	0	1	1.275	0
21	0	1	1.28333333333333	0
21	0	1	1.29166666666667	0
21	0	1	1.3	0
21	0	1	1.30833333333333	0
21	1	1	1.31666666666667	0
21	0	1	1.325	0
21	1	1	1.33333333333333	0
21	0	1	1.34166666666667	0
22	0	0	0.00833333333333333	0
22	1	0	0.0166666666666667	0
22	0	0	0.025	0
22	0	0	0.0333333333333333	0
22	0	0	0.0416666666666667	0
22	1	0	0.05	0
22	0	0	0.0583333333333333	0
22	0	0	0.0666666666666667	0
22	0	0	0.075	0
22	0	0	0.0833333333333333	0
22	0	0	0.0916666666666667	0
22	1	0	0.1	0
22	0	0	0.108333333333333	0
22	1	0	0.116666666666667	0
22	1	0	0.125	0
22	1	0	0.133333333333333	0
22	1	0	0.141666666666667	0
22	0	0	0.15	0
22	0	0	0.158333333333333	0
22	1	0	0.166666666666667	0
22	0	0	0.175	0
22	1	0	0.183333333333333	0
22	0	0	0.191666666666667	0
22	1	0	0.2	0
22	0	0	0.208333333333333	0
22	1	0	0.216666666666667	0
22	1	0	0.225	0
22	1	0	0.233333333333333	0
22	0	0	0.241666666666667	0
22	1	0	0.25	0
22	0	0	0.258333333333333	0
22	0	0	0.266666666666667	0
22	0	0	0.275	0
22	1	0	0.283333333333333	0
22	0	0	0.291666666666667	0
22	0	0	0.3	0
22	1	0	0.308333333333333	0
22	0	0	0.316666666666667	0
22	1	0	0.325	0
22	1	0	0.333333333333333	0
22	0	0	0.341666666666667	0
22	1	0	0.35	0
22	0	0	0.358333333333333	0
22	0	0	0.366666666666667	0
22	1	0	0.375	0
22	1	0	0.383333333333333	0
22	1	0	0.391666666666667	0
22	0	0	0.4	0
22	0	0	0.408333333333333	0
22	1	0	0.416666666666667	0
22	1	0	0.425	0
22	0	0	0.433333333333333	0
22	1	0	0.441666666666667	0
22	1	0	0.45	0
22	1	0	0.458333333333333	0
22	1	0	0.466666666666667	0
22	1	0	0.475	0
22	1	0	0.483333333333333	0
22	0	0	0.491666666666667	0
22	0	0	0.5	0
22	1	0	0.508333333333333	0
22	1	0	0.516666666666667	0
22	1	0	0.525	0
22	0	0	0.533333333333333	0
22	1	0	0.541666666666667	0
22	1	0	0.55	0
22	1	0	0.558333333333333	0
22	1	0	0.566666666666667	0
22	0	0	0.575	0
22	1	0	0.583333333333333	0
22	0	0	0.591666666666667	0
22	1	0	0.6	0
22	1	0	0.608333333333333	0
22	0	0	0.616666666666667	0
22	0	0	0.625	0
22	0	0	0.633333333333333	0
22	1	0	0.641666666666667	0
22	1	0	0.65	0
22	1	0	0.658333333333333	0
22	1	0	0.666666666666667	0
22	1	0	0.675	0
22	1	0	0.683333333333333	0
22	1	0	0.691666666666667	0
22	1	0	0.7	0
22	0	0	0.708333333333333	0
22	1	0	0.716666666666667	0
22	1	0	0.725	0
22	1	0	0.733333333333333	0
22	1	0	0.741666666666667	0
22	1	0	0.75	0
22	1	0	0.758333333333333	0
22	1	0	0.766666666666667	0
22	1	0	0.775	0
22	1	0	0.783333333333333	0
22	1	0	0.791666666666667	0
22	1	0	0.8	0
22	1	0	0.808333333333333	0
22	1	0	0.816666666666667	0
22	1	0	0.825	0
22	1	0	0.833333333333333	0
22	1	0	0.841666666666667	0
22	1	0	0.85	0
22	1	0	0.858333333333333	0
22	1	0	0.866666666666667	0
22	1	0	0.875	0
22	1	0	0.883333333333333	0
22	0	0	0.891666666666667	0
22	1	0	0.9	0
22	1	0	0.908333333333333	0
22	1	0	0.916666666666667	0
22	1	0	0.925	0
22	1	0	0.933333333333333	0
22	1	0	0.941666666666667	0
22	1	0	0.95	0
22	1	0	0.958333333333333	0
22	1	0	0.966666666666667	0
22	1	0	0.975	0
22	0	0	0.983333333333333	0
22	0	0	0.991666666666667	0
22	1	0	1	0
22	1	0	1.00833333333333	0
22	1	0	1.01666666666667	0
22	1	0	1.025	0
22	1	0	1.03333333333333	0
22	1	0	1.04166666666667	0
22	1	0	1.05	0
22	1	0	1.05833333333333	0
22	1	0	1.06666666666667	0
22	1	0	1.075	0
22	1	0	1.08333333333333	0
22	0	0	1.09166666666667	0
22	1	0	1.1	0
22	1	0	1.10833333333333	0
22	0	0	1.11666666666667	0
22	1	0	1.125	0
22	1	0	1.13333333333333	0
22	1	0	1.14166666666667	0
22	1	0	1.15	0
22	1	0	1.15833333333333	0
22	1	0	1.16666666666667	0
22	0	0	1.175	0
22	1	0	1.18333333333333	0
22	1	0	1.19166666666667	0
22	1	0	1.2	0
22	0	0	1.20833333333333	0
22	1	0	1.21666666666667	0
22	1	0	1.225	0
22	1	0	1.23333333333333	0
22	1	0	1.24166666666667	0
22	0	0	1.25	0
22	0	0	1.25833333333333	0
22	1	0	1.26666666666667	0
22	1	0	1.275	0
22	0	0	1.28333333333333	0
22	0	0	1.29166666666667	0
22	1	0	1.3	0
22	1	0	1.30833333333333	0
22	0	0	1.31666666666667	0
22	1	0	1.325	0
22	0	0	1.33333333333333	0
22	1	0	1.34166666666667	0
23	0	1	0.00833333333333333	0
23	0	1	0.0166666666666667	0
23	0	1	0.025	0
23	0	1	0.0333333333333333	0
23	0	1	0.0416666666666667	0
23	0	1	0.05	0
23	1	1	0.0583333333333333	0
23	0	1	0.0666666666666667	0
23	0	1	0.075	0
23	0	1	0.0833333333333333	0
23	1	1	0.0916666666666667	0
23	0	1	0.1	0
23	0	1	0.108333333333333	0
23	0	1	0.116666666666667	0
23	0	1	0.125	0
23	0	1	0.133333333333333	0
23	0	1	0.141666666666667	0
23	1	1	0.15	0
23	0	1	0.158333333333333	0
23	0	1	0.166666666666667	0
23	0	1	0.175	0
23	0	1	0.183333333333333	0
23	0	1	0.191666666666667	0
23	1	1	0.2	0
23	1	1	0.208333333333333	0
23	0	1	0.216666666666667	0
23	0	1	0.225	0
23	1	1	0.233333333333333	0
23	1	1	0.241666666666667	0
23	1	1	0.25	0
23	1	1	0.258333333333333	0
23	0	1	0.266666666666667	0
23	0	1	0.275	0
23	0	1	0.283333333333333	0
23	0	1	0.291666666666667	0
23	0	1	0.3	0
23	0	1	0.308333333333333	0
23	1	1	0.316666666666667	0
23	0	1	0.325	0
23	0	1	0.333333333333333	0
23	0	1	0.341666666666667	0
23	0	1	0.35	0
23	0	1	0.358333333333333	0
23	0	1	0.366666666666667	0
23	0	1	0.375	0
23	0	1	0.383333333333333	0
23	0	1	0.391666666666667	0
23	1	1	0.4	0
23	1	1	0.408333333333333	0
23	0	1	0.416666666666667	0
23	1	1	0.425	0
23	1	1	0.433333333333333	0
23	1	1	0.441666666666667	0
23	0	1	0.45	0
23	0	1	0.458333333333333	0
23	1	1	0.466666666666667	0
23	1	1	0.475	0
23	0	1	0.483333333333333	0
23	0	1	0.491666666666667	0
23	0	1	0.5	0
23	0	1	0.508333333333333	0
23	0	1	0.516666666666667	0
23	0	1	0.525	0
23	0	1	0.533333333333333	0
23	0	1	0.541666666666667	0
23	0	1	0.55	0
23	1	1	0.558333333333333	0
23	0	1	0.566666666666667	0
23	0	1	0.575	0
23	1	1	0.583333333333333	0
23	1	1	0.591666666666667	0
23	0	1	0.6	0
23	0	1	0.608333333333333	0
23	0	1	0.616666666666667	0
23	0	1	0.625	0
23	0	1	0.633333333333333	0
23	0	1	0.641666666666667	0
23	0	1	0.65	0
23	0	1	0.658333333333333	0
23	0	1	0.666666666666667	0
23	1	1	0.675	0
23	1	1	0.683333333333333	0
23	0	1	0.691666666666667	0
23	0	1	0.7	0
23	0	1	0.708333333333333	0
23	0	1	0.716666666666667	0
23	0	1	0.725	0
23	0	1	0.733333333333333	0
23	0	1	0.741666666666667	0
23	0	1	0.75	0
23	1	1	0.758333333333333	0
23	1	1	0.766666666666667	0
23	1	1	0.775	0
23	0	1	0.783333333333333	0
23	0	1	0.791666666666667	0
23	1	1	0.8	0
23	0	1	0.808333333333333	0
23	1	1	0.816666666666667	0
23	0	1	0.825	0
23	0	1	0.833333333333333	0
23	0	1	0.841666666666667	0
23	1	1	0.85	0
23	1	1	0.858333333333333	0
23	1	1	0.866666666666667	0
23	1	1	0.875	0
23	1	1	0.883333333333333	0
23	0	1	0.891666666666667	0
23	1	1	0.9	0
23	1	1	0.908333333333333	0
23	0	1	0.916666666666667	0
23	1	1	0.925	0
23	1	1	0.933333333333333	0
23	1	1	0.941666666666667	0
23	1	1	0.95	0
23	1	1	0.958333333333333	0
23	1	1	0.966666666666667	0
23	0	1	0.975	0
23	0	1	0.983333333333333	0
23	0	1	0.991666666666667	0
23	0	1	1	0
23	0	1	1.00833333333333	0
23	0	1	1.01666666666667	0
23	0	1	1.025	0
23	1	1	1.03333333333333	0
23	0	1	1.04166666666667	0
23	0	1	1.05	0
23	0	1	1.05833333333333	0
23	1	1	1.06666666666667	0
23	1	1	1.075	0
23	1	1	1.08333333333333	0
23	1	1	1.09166666666667	0
23	1	1	1.1	0
23	1	1	1.10833333333333	0
23	0	1	1.11666666666667	0
23	0	1	1.125	0
23	0	1	1.13333333333333	0
23	1	1	1.14166666666667	0
23	1	1	1.15	0
23	1	1	1.15833333333333	0
23	0	1	1.16666666666667	0
23	0	1	1.175	0
23	1	1	1.18333333333333	0
23	1	1	1.19166666666667	0
23	0	1	1.2	0
23	1	1	1.20833333333333	0
23	0	1	1.21666666666667	0
23	0	1	1.225	0
23	0	1	1.23333333333333	0
23	0	1	1.24166666666667	0
23	0	1	1.25	0
23	0	1	1.25833333333333	0
23	0	1	1.26666666666667	0
23	0	1	1.275	0
23	1	1	1.28333333333333	0
23	0	1	1.29166666666667	0
23	0	1	1.3	0
23	1	1	1.30833333333333	0
23	0	1	1.31666666666667	0
23	0	1	1.325	0
23	0	1	1.33333333333333	0
23	0	1	1.34166666666667	0
24	0	0	0.00833333333333333	0
24	0	0	0.0166666666666667	0
24	0	0	0.025	0
24	0	0	0.0333333333333333	0
24	0	0	0.0416666666666667	0
24	0	0	0.05	0
24	0	0	0.0583333333333333	0
24	0	0	0.0666666666666667	0
24	0	0	0.075	0
24	0	0	0.0833333333333333	0
24	0	0	0.0916666666666667	0
24	1	0	0.1	0
24	0	0	0.108333333333333	0
24	0	0	0.116666666666667	0
24	0	0	0.125	0
24	0	0	0.133333333333333	0
24	0	0	0.141666666666667	0
24	0	0	0.15	0
24	0	0	0.158333333333333	0
24	0	0	0.166666666666667	0
24	0	0	0.175	0
24	0	0	0.183333333333333	0
24	0	0	0.191666666666667	0
24	0	0	0.2	0
24	0	0	0.208333333333333	0
24	0	0	0.216666666666667	0
24	0	0	0.225	0
24	0	0	0.233333333333333	0
24	0	0	0.241666666666667	0
24	0	0	0.25	0
24	0	0	0.258333333333333	0
24	0	0	0.266666666666667	0
24	0	0	0.275	0
24	0	0	0.283333333333333	0
24	0	0	0.291666666666667	0
24	0	0	0.3	0
24	0	0	0.308333333333333	0
24	0	0	0.316666666666667	0
24	0	0	0.325	0
24	0	0	0.333333333333333	0
24	1	0	0.341666666666667	0
24	1	0	0.35	0
24	0	0	0.358333333333333	0
24	0	0	0.366666666666667	0
24	0	0	0.375	0
24	1	0	0.383333333333333	0
24	0	0	0.391666666666667	0
24	0	0	0.4	0
24	1	0	0.408333333333333	0
24	1	0	0.416666666666667	0
24	1	0	0.425	0
24	0	0	0.433333333333333	0
24	0	0	0.441666666666667	0
24	0	0	0.45	0
24	0	0	0.458333333333333	0
24	1	0	0.466666666666667	0
24	0	0	0.475	0
24	0	0	0.483333333333333	0
24	0	0	0.491666666666667	0
24	0	0	0.5	0
24	0	0	0.508333333333333	0
24	0	0	0.516666666666667	0
24	1	0	0.525	0
24	1	0	0.533333333333333	0
24	1	0	0.541666666666667	0
24	1	0	0.55	0
24	1	0	0.558333333333333	0
24	1	0	0.566666666666667	0
24	1	0	0.575	0
24	0	0	0.583333333333333	0
24	0	0	0.591666666666667	0
24	0	0	0.6	0
24	0	0	0.608333333333333	0
24	0	0	0.616666666666667	0
24	0	0	0.625	0
24	0	0	0.633333333333333	0
24	0	0	0.641666666666667	0
24	0	0	0.65	0
24	0	0	0.658333333333333	0
24	0	0	0.666666666666667	0
24	0	0	0.675	0
24	0	0	0.683333333333333	0
24	0	0	0.691666666666667	0
24	0	0	0.7	0
24	0	0	0.708333333333333	0
24	0	0	0.716666666666667	0
24	0	0	0.725	0
24	0	0	0.733333333333333	0
24	0	0	0.741666666666667	0
24	0	0	0.75	0
24	0	0	0.758333333333333	0
24	0	0	0.766666666666667	0
24	0	0	0.775	0
24	0	0	0.783333333333333	0
24	0	0	0.791666666666667	0
24	1	0	0.8	0
24	1	0	0.808333333333333	0
24	1	0	0.816666666666667	0
24	0	0	0.825	0
24	0	0	0.833333333333333	0
24	1	0	0.841666666666667	0
24	0	0	0.85	0
24	1	0	0.858333333333333	0
24	1	0	0.866666666666667	0
24	1	0	0.875	0
24	0	0	0.883333333333333	0
24	0	0	0.891666666666667	0
24	1	0	0.9	0
24	1	0	0.908333333333333	0
24	1	0	0.916666666666667	0
24	0	0	0.925	0
24	0	0	0.933333333333333	0
24	0	0	0.941666666666667	0
24	1	0	0.95	0
24	1	0	0.958333333333333	0
24	0	0	0.966666666666667	0
24	0	0	0.975	0
24	0	0	0.983333333333333	0
24	0	0	0.991666666666667	0
24	1	0	1	0
24	0	0	1.00833333333333	0
24	1	0	1.01666666666667	0
24	1	0	1.025	0
24	1	0	1.03333333333333	0
24	1	0	1.04166666666667	0
24	1	0	1.05	0
24	1	0	1.05833333333333	0
24	1	0	1.06666666666667	0
24	1	0	1.075	0
24	1	0	1.08333333333333	0
24	0	0	1.09166666666667	0
24	1	0	1.1	0
24	1	0	1.10833333333333	0
24	0	0	1.11666666666667	0
24	0	0	1.125	0
24	1	0	1.13333333333333	0
24	1	0	1.14166666666667	0
24	1	0	1.15	0
24	1	0	1.15833333333333	0
24	1	0	1.16666666666667	0
24	1	0	1.175	0
24	0	0	1.18333333333333	0
24	1	0	1.19166666666667	0
24	0	0	1.2	0
24	1	0	1.20833333333333	0
24	0	0	1.21666666666667	0
24	0	0	1.225	0
24	1	0	1.23333333333333	0
24	1	0	1.24166666666667	0
24	1	0	1.25	0
24	1	0	1.25833333333333	0
24	1	0	1.26666666666667	0
24	1	0	1.275	0
24	1	0	1.28333333333333	0
24	1	0	1.29166666666667	0
24	0	0	1.3	0
24	0	0	1.30833333333333	0
24	1	0	1.31666666666667	0
24	1	0	1.325	0
24	1	0	1.33333333333333	0
24	1	0	1.34166666666667	0
